###	RAMID version 1.0: 7e5b4013a643c4a6b2ff63cfd722a126 2021-09-08 14:03:09 	***

SW620_24h_12Glc_R1_PIM_SCAN_01
RT(min): 29.188 c: 29.188
max_peak: 14005 c: 182
mz: 432.2 433.2 434.2 435.2 436.2 437.2 438.2 439.2 440.2
5_timepoints: 335.8 12035.6 5162.8 3145.6 861 300.6 4.8 14.8 3
base: 179 426 156 96 38 54 9 22 14
SW620_24h_12Glc_R2_PIM_SCAN_01
RT(min): 29.181 c: 29.181
max_peak: 17984 c: 1114
mz: 432.2 433.2 434.2 435.2 436.2 437.2 438.2 439.2 440.2
5_timepoints: 403.6 15199 5681.4 3259.8 829.4 283.2 4.6 26.4 5.6
base: 307 608 287 128 13 13 7 34 15
SW620_24h_12Glc_R3_PIM_SCAN_01
RT(min): 29.175 c: 29.175
max_peak: 28664 c: 1048
mz: 432.2 433.2 434.2 435.2 436.2 437.2 438.2 439.2 440.2
5_timepoints: 494.4 25400 10131.2 7019.4 1943 619.6 145 223.4 57
base: 419 1052 437 282 71 50 11 89 39
SW620_24h_cold_R2_PIM_SCAN_01
RT(min): 29.169 c: 29.169
max_peak: 21368 c: 1828
mz: 432.2 433.2 434.2 435.2 436.2 437.2 438.2 439.2 440.2
5_timepoints: 646 18902.4 7676.4 3519 1003.4 266.4 113.6 2.2 3.2
base: 337 635 277 226 61 39 22 44 16
SW620_24h_UGln_R1_PIM_SCAN_01
RT(min): 29.163 c: 29.163
max_peak: 11898 c: 550
mz: 432.2 433.2 434.2 435.2 436.2 437.2 438.2 439.2 440.2
5_timepoints: 51.4 11050.2 4660.2 3134.4 3739.6 2114 9705.4 3246.2 1858
base: 172 347 107 122 99 144 443 161 87
SW620_24h_UGln_R2_PIM_SCAN_01
RT(min): 29.188 c: 29.188
max_peak: 7106 c: 89
mz: 432.2 433.2 434.2 435.2 436.2 437.2 438.2 439.2 440.2
5_timepoints: 164.2 5703.4 1841.2 1228.6 1673 943.6 4051 1606 434.6
base: 226 512 281 195 187 221 800 258 196
SW620_24h_UGln_R3_PIM_SCAN_01
RT(min): 29.163 c: 29.163
max_peak: 19488 c: 574
mz: 432.2 433.2 434.2 435.2 436.2 437.2 438.2 439.2 440.2
5_timepoints: 344.6 17413.8 6495.6 3603.2 5120.2 2748.2 12225.8 3512.4 1893.6
base: 322 607 299 213 290 178 619 266 171
SW620_6h_12Glc_R1_PIM_SCAN_01
RT(min): 29.188 c: 29.188
max_peak: 8267 c: 409
mz: 432.2 433.2 434.2 435.2 436.2 437.2 438.2 439.2 440.2
5_timepoints: 83.2 7199.2 2341.6 1337.4 459 104 2.6 16.4 42
base: 160 245 98 56 19 6 5 30 22
SW620_6h_12Glc_R2_PIM_SCAN_01
RT(min): 29.194 c: 29.194
max_peak: 7050 c: 122
mz: 432.2 433.2 434.2 435.2 436.2 437.2 438.2 439.2 440.2
5_timepoints: 177.2 6182.6 2375 1361.4 299 29.4 7.8 176 14.4
base: 263 345 171 118 35 6 7 45 15
SW620_6h_12Glc_R3_PIM_SCAN_01
RT(min): 29.181 c: 29.181
max_peak: 8476 c: 73
mz: 432.2 433.2 434.2 435.2 436.2 437.2 438.2 439.2 440.2
5_timepoints: 188.4 7622 2627 1610.4 436 113.8 3.4 5.4 20.6
base: 108 211 110 55 31 7 5 36 21
SW620_6h_UGln_R1_PIM_SCAN_01
RT(min): 29.163 c: 29.163
max_peak: 4326 c: 35
mz: 432.2 433.2 434.2 435.2 436.2 437.2 438.2 439.2 440.2
5_timepoints: 79.4 3263.6 1324.4 652.4 342.2 207.2 2695 948.4 574.2
base: 32 73 17 42 17 8 35 71 34
SW620_6h_UGln_R2_PIM_SCAN_01
RT(min): 29.206 c: 29.206
max_peak: 2998 c: 14
mz: 432.2 433.2 434.2 435.2 436.2 437.2 438.2 439.2 440.2
5_timepoints: 71.2 2395.2 1030.6 409 590.2 402.2 2077.6 646.6 335.2
base: 46 189 98 108 62 39 235 155 48
SW620_6h_UGln_R3_PIM_SCAN_01
RT(min): 29.188 c: 29.188
max_peak: 3676 c: 73
mz: 432.2 433.2 434.2 435.2 436.2 437.2 438.2 439.2 440.2
5_timepoints: 4.4 2628.6 1403.8 771.4 777.8 455 2379.4 1010.4 486.2
base: 54 105 53 62 8 43 107 31 5


absolute_values,CDF_file: Max 432.2 433.2 434.2 435.2 436.2 437.2 438.2 439.2 440.2
SW620_24h_12Glc_R1_PIM_SCAN_01 14005 157 11610 5007 3050 823 246 -4 -7 -11
SW620_24h_12Glc_R2_PIM_SCAN_01 17984 97 14591 5395 3132 816 270 -3 -8 -10
SW620_24h_12Glc_R3_PIM_SCAN_01 28664 75 24348 9695 6737 1872 569 134 135 18
SW620_24h_cold_R2_PIM_SCAN_01 21368 309 18267 7399 3293 942 228 92 -41 -13
SW620_24h_UGln_R1_PIM_SCAN_01 11898 -121 10703 4553 3012 3640 1970 9262 3086 1771
SW620_24h_UGln_R2_PIM_SCAN_01 7106 -62 5192 1560 1034 1486 723 3251 1348 239
SW620_24h_UGln_R3_PIM_SCAN_01 19488 22 16806 6197 3391 4830 2570 11607 3246 1723
SW620_6h_12Glc_R1_PIM_SCAN_01 8267 -77 6955 2244 1282 440 98 -2 -13 20
SW620_6h_12Glc_R2_PIM_SCAN_01 7050 -86 5837 2204 1243 264 24 1 131 -1
SW620_6h_12Glc_R3_PIM_SCAN_01 8476 81 7411 2517 1555 405 107 -2 -31 -1
SW620_6h_UGln_R1_PIM_SCAN_01 4326 48 3191 1307 610 325 199 2660 878 540
SW620_6h_UGln_R2_PIM_SCAN_01 2998 25 2207 933 301 528 363 1843 492 287
SW620_6h_UGln_R3_PIM_SCAN_01 3676 -50 2524 1351 710 770 412 2272 979 481
END


relative_values,CDF_file: Max 432.2 433.2 434.2 435.2 436.2 437.2 438.2 439.2 440.2
SW620_24h_12Glc_R1_PIM_SCAN_01 14005 0.0135 1 0.4313 0.2627 0.0709 0.0212 -3e-04 -6e-04 -9e-04
SW620_24h_12Glc_R2_PIM_SCAN_01 17984 0.0066 1 0.3697 0.2147 0.0559 0.0185 -2e-04 -5e-04 -7e-04
SW620_24h_12Glc_R3_PIM_SCAN_01 28664 0.0031 1 0.3982 0.2767 0.0769 0.0234 0.0055 0.0055 7e-04
SW620_24h_cold_R2_PIM_SCAN_01 21368 0.0169 1 0.405 0.1803 0.0516 0.0125 0.005 -0.0022 -7e-04
SW620_24h_UGln_R1_PIM_SCAN_01 11898 -0.0113 1 0.4254 0.2814 0.3401 0.1841 0.8654 0.2883 0.1655
SW620_24h_UGln_R2_PIM_SCAN_01 7106 -0.0119 1 0.3005 0.1992 0.2862 0.1393 0.6262 0.2596 0.046
SW620_24h_UGln_R3_PIM_SCAN_01 19488 0.0013 1 0.3687 0.2018 0.2874 0.1529 0.6906 0.1931 0.1025
SW620_6h_12Glc_R1_PIM_SCAN_01 8267 -0.0111 1 0.3226 0.1843 0.0633 0.0141 -3e-04 -0.0019 0.0029
SW620_6h_12Glc_R2_PIM_SCAN_01 7050 -0.0147 1 0.3776 0.213 0.0452 0.0041 2e-04 0.0224 -2e-04
SW620_6h_12Glc_R3_PIM_SCAN_01 8476 0.0109 1 0.3396 0.2098 0.0546 0.0144 -3e-04 -0.0042 -1e-04
SW620_6h_UGln_R1_PIM_SCAN_01 4326 0.015 1 0.4096 0.1912 0.1018 0.0624 0.8336 0.2751 0.1692
SW620_6h_UGln_R2_PIM_SCAN_01 2998 0.0113 1 0.4227 0.1364 0.2392 0.1645 0.8351 0.2229 0.13
SW620_6h_UGln_R3_PIM_SCAN_01 3676 -0.0198 1 0.5353 0.2813 0.3051 0.1632 0.9002 0.3879 0.1906
