###	RAMID version 1.0: 7e5b4013a643c4a6b2ff63cfd722a126 2021-09-08 14:03:09 	***

SW620_24h_12Glc_R1_PIM_SCAN_01
RT(min): 11.854 c: 11.854
max_peak: 4326400 c: 3630592
mz: 231.1 232.1 233.1 234.1 235.1 236.1
5_timepoints: 0 3612876.8 848294.4 1189529.6 216512 80236.8
base: 504 1635 3195 991 828 179
SW620_24h_12Glc_R2_PIM_SCAN_01
RT(min): 11.854 c: 11.854
max_peak: 6006784 c: 5206016
mz: 231.1 232.1 233.1 234.1 235.1 236.1
5_timepoints: 0 5114470.4 1106995.2 457369.6 66915.2 11444.4
base: 633 2112 3859 1025 641 109
SW620_24h_12Glc_R3_PIM_SCAN_01
RT(min): 11.848 c: 11.848
max_peak: 7663104 c: 6473216
mz: 231.1 232.1 233.1 234.1 235.1 236.1
5_timepoints: 0 6393753.6 1535692.8 2137190.4 397708.8 146489.6
base: 619 1737 3384 1093 853 183
SW620_24h_cold_R2_PIM_SCAN_01
RT(min): 11.848 c: 11.848
max_peak: 6607360 c: 5635072
mz: 231.1 232.1 233.1 234.1 235.1 236.1
5_timepoints: 0 5474508.8 1184934.4 493222.4 70198.4 11877.4
base: 563 1682 3640 1054 654 147
SW620_24h_UGln_R1_PIM_SCAN_01
RT(min): 11.848 c: 11.848
max_peak: 6560768 c: 5575680
mz: 231.1 232.1 233.1 234.1 235.1 236.1
5_timepoints: 0 5497241.6 1228044.8 648102.4 1e+05 24832
base: 541 1882 3687 1079 604 89
SW620_24h_UGln_R2_PIM_SCAN_01
RT(min): 11.848 c: 11.848
max_peak: 4988928 c: 4241920
mz: 231.1 232.1 233.1 234.1 235.1 236.1
5_timepoints: 0 4200038.4 955225.6 495014.4 82993.6 19877.4
base: 686 2218 4071 1119 638 153
SW620_24h_UGln_R3_PIM_SCAN_01
RT(min): 11.848 c: 11.848
**** !?MAX_PEAK: 8388096 c: 7232512
mz: 231.1 232.1 233.1 234.1 235.1 236.1
5_timepoints: 0 7674624 1575116.8 817331.2 127772.8 29609.6
base: 626 1924 3934 1151 617 182
SW620_6h_12Glc_R1_PIM_SCAN_01
RT(min): 11.873 c: 11.873
max_peak: 466880 c: 381440
mz: 231.1 232.1 233.1 234.1 235.1 236.1
5_timepoints: 0 402534.4 93252.8 101872 17241 6480.6
base: 322 1424 2595 763 563 122
SW620_6h_12Glc_R2_PIM_SCAN_01
RT(min): 11.867 c: 11.867
max_peak: 448960 c: 366016
mz: 231.1 232.1 233.1 234.1 235.1 236.1
5_timepoints: 703.6 375052.8 91536 95160 18190.6 6001
base: 377 1271 2529 711 530 108
SW620_6h_12Glc_R3_PIM_SCAN_01
RT(min): 11.867 c: 11.867
max_peak: 548736 c: 447680
mz: 231.1 232.1 233.1 234.1 235.1 236.1
5_timepoints: 714.8 463897.6 108356.8 119604.8 21024 7657.2
base: 370 1456 2638 710 653 136
SW620_6h_UGln_R1_PIM_SCAN_01
RT(min): 11.873 c: 11.873
max_peak: 524160 c: 438912
mz: 231.1 232.1 233.1 234.1 235.1 236.1
5_timepoints: 1280 452172.8 104700.8 63326.4 9770.2 2587.6
base: 362 1175 2767 851 570 81
SW620_6h_UGln_R2_PIM_SCAN_01
RT(min): 11.879 c: 11.879
max_peak: 313664 c: 259072
mz: 231.1 232.1 233.1 234.1 235.1 236.1
5_timepoints: 862.4 280268.8 66489.6 40185.6 6647.4 1793.2
base: 506 1877 3288 1005 611 146
SW620_6h_UGln_R3_PIM_SCAN_01
RT(min): 11.873 c: 11.873
max_peak: 400256 c: 340992
mz: 231.1 232.1 233.1 234.1 235.1 236.1
5_timepoints: 764.4 350451.2 84584 51371.2 8272.8 2558.4
base: 409 1738 2745 831 573 87


absolute_values,CDF_file: Max 231.1 232.1 233.1 234.1 235.1 236.1
SW620_24h_12Glc_R1_PIM_SCAN_01 4326400 -504 3611241 845100 1188538 215684 80058
SW620_24h_12Glc_R2_PIM_SCAN_01 6006784 -633 5112359 1103136 456345 66275 11336
SW620_24h_12Glc_R3_PIM_SCAN_01 7663104 -619 6392016 1532309 2136097 396856 146306
SW620_24h_cold_R2_PIM_SCAN_01 6607360 -563 5472826 1181295 492169 69545 11730
SW620_24h_UGln_R1_PIM_SCAN_01 6560768 -541 5495359 1224358 647023 99396 24743
SW620_24h_UGln_R2_PIM_SCAN_01 4988928 -686 4197820 951154 493895 82356 19725
SW620_24h_UGln_R3_PIM_SCAN_01 8388096 -626 7672700 1571183 816180 127156 29428
SW620_6h_12Glc_R1_PIM_SCAN_01 466880 -322 401111 90658 101109 16678 6359
SW620_6h_12Glc_R2_PIM_SCAN_01 448960 326 373782 89007 94449 17661 5893
SW620_6h_12Glc_R3_PIM_SCAN_01 548736 345 462442 105719 118895 20371 7521
SW620_6h_UGln_R1_PIM_SCAN_01 524160 918 450997 101933 62475 9201 2507
SW620_6h_UGln_R2_PIM_SCAN_01 313664 357 278392 63201 39180 6036 1648
SW620_6h_UGln_R3_PIM_SCAN_01 400256 355 348713 81839 50540 7699 2471
END


relative_values,CDF_file: Max 231.1 232.1 233.1 234.1 235.1 236.1
SW620_24h_12Glc_R1_PIM_SCAN_01 4326400 -1e-04 1 0.234 0.3291 0.0597 0.0222
SW620_24h_12Glc_R2_PIM_SCAN_01 6006784 -1e-04 1 0.2158 0.0893 0.013 0.0022
SW620_24h_12Glc_R3_PIM_SCAN_01 7663104 -1e-04 1 0.2397 0.3342 0.0621 0.0229
SW620_24h_cold_R2_PIM_SCAN_01 6607360 -1e-04 1 0.2158 0.0899 0.0127 0.0021
SW620_24h_UGln_R1_PIM_SCAN_01 6560768 -1e-04 1 0.2228 0.1177 0.0181 0.0045
SW620_24h_UGln_R2_PIM_SCAN_01 4988928 -2e-04 1 0.2266 0.1177 0.0196 0.0047
SW620_24h_UGln_R3_PIM_SCAN_01 8388096 -1e-04 1 0.2048 0.1064 0.0166 0.0038
SW620_6h_12Glc_R1_PIM_SCAN_01 466880 -8e-04 1 0.226 0.2521 0.0416 0.0159
SW620_6h_12Glc_R2_PIM_SCAN_01 448960 9e-04 1 0.2381 0.2527 0.0472 0.0158
SW620_6h_12Glc_R3_PIM_SCAN_01 548736 7e-04 1 0.2286 0.2571 0.0441 0.0163
SW620_6h_UGln_R1_PIM_SCAN_01 524160 0.002 1 0.226 0.1385 0.0204 0.0056
SW620_6h_UGln_R2_PIM_SCAN_01 313664 0.0013 1 0.227 0.1407 0.0217 0.0059
SW620_6h_UGln_R3_PIM_SCAN_01 400256 0.001 1 0.2347 0.1449 0.0221 0.0071
