###	RAMID version 1.0: 7e5b4013a643c4a6b2ff63cfd722a126 2021-09-08 14:03:09 	***

SW620_24h_12Glc_R1_PIM_SCAN_01
RT(min): 11.854 c: 11.854
max_peak: 3630592 c: 4326400
mz: 259.1 260.1 261.1 262.1 263.1 264.1 265.1
5_timepoints: 0 3015680 741260.8 1017894.4 196864 72222.4 9792.6
base: 192 269 1799 721 1160 334 632
SW620_24h_12Glc_R2_PIM_SCAN_01
RT(min): 11.854 c: 11.854
max_peak: 5206016 c: 6006784
mz: 259.1 260.1 261.1 262.1 263.1 264.1 265.1
5_timepoints: 0 4332236.8 975526.4 396569.6 61982.4 10938.4 1519.4
base: 298 384 2089 737 1031 306 487
SW620_24h_12Glc_R3_PIM_SCAN_01
RT(min): 11.848 c: 11.848
max_peak: 6473216 c: 7663104
mz: 259.1 260.1 261.1 262.1 263.1 264.1 265.1
5_timepoints: 0 5408563.2 1347366.4 1835212.8 369561.6 135344 18668.2
base: 341 410 1735 817 1166 373 536
SW620_24h_cold_R2_PIM_SCAN_01
RT(min): 11.848 c: 11.848
max_peak: 5635072 c: 6607360
mz: 259.1 260.1 261.1 262.1 263.1 264.1 265.1
5_timepoints: 0 4628992 1052134.4 431308.8 64060.8 11623.2 1689.6
base: 362 480 2208 607 806 265 579
SW620_24h_UGln_R1_PIM_SCAN_01
RT(min): 11.848 c: 11.848
max_peak: 5575680 c: 6560768
mz: 259.1 260.1 261.1 262.1 263.1 264.1 265.1
5_timepoints: 0 4640153.6 1066124.8 463667.2 192857.6 37300.8 12422.2
base: 249 462 1841 623 801 242 550
SW620_24h_UGln_R2_PIM_SCAN_01
RT(min): 11.848 c: 11.848
max_peak: 4241920 c: 4988928
mz: 259.1 260.1 261.1 262.1 263.1 264.1 265.1
5_timepoints: 0 3553280 824396.8 356441.6 150214.4 28470.4 11248.6
base: 234 481 2139 906 1096 372 558
SW620_24h_UGln_R3_PIM_SCAN_01
RT(min): 11.848 c: 11.848
max_peak: 7232512 c: 8388096
mz: 259.1 260.1 261.1 262.1 263.1 264.1 265.1
5_timepoints: 0 5996339.2 1381516.8 594598.4 237734.4 46646.4 14929.4
base: 370 889 2824 900 834 292 601
SW620_6h_12Glc_R1_PIM_SCAN_01
RT(min): 11.873 c: 11.873
max_peak: 381440 c: 466880
mz: 259.1 260.1 261.1 262.1 263.1 264.1 265.1
5_timepoints: 3122 330060.8 78358.4 83284.8 16366 5918 1089.6
base: 163 140 1028 394 778 247 444
SW620_6h_12Glc_R2_PIM_SCAN_01
RT(min): 11.867 c: 11.867
max_peak: 366016 c: 448960
mz: 259.1 260.1 261.1 262.1 263.1 264.1 265.1
5_timepoints: 826 307942.4 75148.8 80131.2 15160.4 5347.8 1058.8
base: 194 151 1332 446 702 191 540
SW620_6h_12Glc_R3_PIM_SCAN_01
RT(min): 11.867 c: 11.867
max_peak: 447680 c: 548736
mz: 259.1 260.1 261.1 262.1 263.1 264.1 265.1
5_timepoints: 1387.8 381030.4 94766.4 98800 19870.2 7131.2 1125.8
base: 169 176 1186 455 772 160 354
SW620_6h_UGln_R1_PIM_SCAN_01
RT(min): 11.873 c: 11.873
max_peak: 438912 c: 524160
mz: 259.1 260.1 261.1 262.1 263.1 264.1 265.1
5_timepoints: 1540.8 374681.6 88182.4 38904 21896 5047.4 2143.6
base: 222 135 1443 404 609 167 423
SW620_6h_UGln_R2_PIM_SCAN_01
RT(min): 11.873 c: 11.873
max_peak: 276736 c: 313472
mz: 259.1 260.1 261.1 262.1 263.1 264.1 265.1
5_timepoints: 696.4 232832 53710.4 24889.6 13056.6 3485.2 1537
base: 284 161 1351 573 848 268 475
SW620_6h_UGln_R3_PIM_SCAN_01
RT(min): 11.873 c: 11.873
max_peak: 340992 c: 400256
mz: 259.1 260.1 261.1 262.1 263.1 264.1 265.1
5_timepoints: 471.4 286976 69400 32024 16498.8 3500.8 1699.6
base: 210 116 1238 555 792 206 482


absolute_values,CDF_file: Max 259.1 260.1 261.1 262.1 263.1 264.1 265.1
SW620_24h_12Glc_R1_PIM_SCAN_01 3630592 -192 3015411 739462 1017174 195704 71888 9160
SW620_24h_12Glc_R2_PIM_SCAN_01 5206016 -298 4331853 973437 395833 60951 10633 1033
SW620_24h_12Glc_R3_PIM_SCAN_01 6473216 -341 5408153 1345632 1834395 368396 134971 18132
SW620_24h_cold_R2_PIM_SCAN_01 5635072 -362 4628512 1049927 430701 63255 11358 1111
SW620_24h_UGln_R1_PIM_SCAN_01 5575680 -249 4639691 1064284 463044 192056 37059 11872
SW620_24h_UGln_R2_PIM_SCAN_01 4241920 -234 3552799 822258 355536 149118 28098 10691
SW620_24h_UGln_R3_PIM_SCAN_01 7232512 -370 5995450 1378693 593698 236900 46355 14329
SW620_6h_12Glc_R1_PIM_SCAN_01 381440 2959 329921 77331 82891 15588 5671 646
SW620_6h_12Glc_R2_PIM_SCAN_01 366016 632 307791 73817 79685 14458 5157 519
SW620_6h_12Glc_R3_PIM_SCAN_01 447680 1219 380855 93580 98345 19098 6972 772
SW620_6h_UGln_R1_PIM_SCAN_01 438912 1319 374546 86740 38500 21287 4880 1720
SW620_6h_UGln_R2_PIM_SCAN_01 276736 412 232671 52360 24316 12209 3217 1062
SW620_6h_UGln_R3_PIM_SCAN_01 340992 262 286860 68162 31469 15707 3294 1218
END


relative_values,CDF_file: Max 259.1 260.1 261.1 262.1 263.1 264.1 265.1
SW620_24h_12Glc_R1_PIM_SCAN_01 3630592 -1e-04 1 0.2452 0.3373 0.0649 0.0238 0.003
SW620_24h_12Glc_R2_PIM_SCAN_01 5206016 -1e-04 1 0.2247 0.0914 0.0141 0.0025 2e-04
SW620_24h_12Glc_R3_PIM_SCAN_01 6473216 -1e-04 1 0.2488 0.3392 0.0681 0.025 0.0034
SW620_24h_cold_R2_PIM_SCAN_01 5635072 -1e-04 1 0.2268 0.0931 0.0137 0.0025 2e-04
SW620_24h_UGln_R1_PIM_SCAN_01 5575680 -1e-04 1 0.2294 0.0998 0.0414 0.008 0.0026
SW620_24h_UGln_R2_PIM_SCAN_01 4241920 -1e-04 1 0.2314 0.1001 0.042 0.0079 0.003
SW620_24h_UGln_R3_PIM_SCAN_01 7232512 -1e-04 1 0.23 0.099 0.0395 0.0077 0.0024
SW620_6h_12Glc_R1_PIM_SCAN_01 381440 0.009 1 0.2344 0.2512 0.0472 0.0172 0.002
SW620_6h_12Glc_R2_PIM_SCAN_01 366016 0.0021 1 0.2398 0.2589 0.047 0.0168 0.0017
SW620_6h_12Glc_R3_PIM_SCAN_01 447680 0.0032 1 0.2457 0.2582 0.0501 0.0183 0.002
SW620_6h_UGln_R1_PIM_SCAN_01 438912 0.0035 1 0.2316 0.1028 0.0568 0.013 0.0046
SW620_6h_UGln_R2_PIM_SCAN_01 276736 0.0018 1 0.225 0.1045 0.0525 0.0138 0.0046
SW620_6h_UGln_R3_PIM_SCAN_01 340992 9e-04 1 0.2376 0.1097 0.0548 0.0115 0.0042
