###	RAMID version 1.0: 7e5b4013a643c4a6b2ff63cfd722a126 2021-09-08 14:03:09 	***

SW620_24h_12Glc_R1_PIM_SCAN_01
RT(min): 22.676 c: 22.676
max_peak: 69576 c: 3014
mz: 345.1 346.1 347.1 348.1 349.1 350.1 351.1 352.1 353.1
5_timepoints: 333 64032 17616.8 8001.4 1080.8 244.4 197.6 69 105.8
base: 300 2063 1014 563 412 177 108 55 207
SW620_24h_12Glc_R2_PIM_SCAN_01
RT(min): 22.663 c: 22.663
max_peak: 89776 c: 4157
mz: 345.1 346.1 347.1 348.1 349.1 350.1 351.1 352.1 353.1
5_timepoints: 149.4 84764.8 22417.6 8470.4 1646.6 356.6 88.2 52.2 120.8
base: 297 2603 1346 625 546 238 151 36 218
SW620_24h_12Glc_R3_PIM_SCAN_01
RT(min): 22.626 c: 22.626
max_peak: 198080 c: 6219
mz: 345.1 346.1 347.1 348.1 349.1 350.1 351.1 352.1 353.1
5_timepoints: 44.2 184857.6 48766.4 19056.6 4594.8 832.6 332 4 612.6
base: 451 2646 1344 579 577 241 222 57 468
SW620_24h_cold_R2_PIM_SCAN_01
RT(min): 22.638 c: 22.638
max_peak: 104728 c: 4316
mz: 345.1 346.1 347.1 348.1 349.1 350.1 351.1 352.1 353.1
5_timepoints: 0 96953.6 25723.2 10973.6 2756.6 764.4 244.8 33.4 278.8
base: 264 2653 1162 542 549 192 141 58 339
SW620_24h_UGln_R1_PIM_SCAN_01
RT(min): 22.638 c: 22.638
max_peak: 130784 c: 5977
mz: 345.1 346.1 347.1 348.1 349.1 350.1 351.1 352.1 353.1
5_timepoints: 245.6 118577.6 33363.2 14059.8 2350.6 453 332.4 77.8 347.6
base: 454 3233 1829 686 648 261 174 141 377
SW620_24h_UGln_R2_PIM_SCAN_01
RT(min): 22.651 c: 22.651
max_peak: 72984 c: 3879
mz: 345.1 346.1 347.1 348.1 349.1 350.1 351.1 352.1 353.1
5_timepoints: 241.6 66736 18737 7983.2 1732 341 344.6 4.4 230.4
base: 373 2172 1626 579 460 230 153 35 235
SW620_24h_UGln_R3_PIM_SCAN_01
RT(min): 22.626 c: 22.626
max_peak: 189568 c: 7732
mz: 345.1 346.1 347.1 348.1 349.1 350.1 351.1 352.1 353.1
5_timepoints: 583.8 172838.4 47515.2 17739.4 3763 1088.2 1959 665 514.4
base: 570 3105 2013 864 724 368 228 139 408
SW620_6h_12Glc_R1_PIM_SCAN_01
RT(min): 22.682 c: 22.682
max_peak: 48664 c: 2152
mz: 345.1 346.1 347.1 348.1 349.1 350.1 351.1 352.1 353.1
5_timepoints: 186.2 46251.2 11923.8 5216.8 1074.6 182 235.8 6.4 204.8
base: 165 2140 1087 517 555 201 163 44 88
SW620_6h_12Glc_R2_PIM_SCAN_01
RT(min): 22.695 c: 22.695
max_peak: 39560 c: 1567
mz: 345.1 346.1 347.1 348.1 349.1 350.1 351.1 352.1 353.1
5_timepoints: 196.4 36936 10609.8 3855.8 1059.4 221 181.6 92.4 98
base: 148 2138 887 518 553 221 113 39 138
SW620_6h_12Glc_R3_PIM_SCAN_01
RT(min): 22.682 c: 22.682
max_peak: 53440 c: 1440
mz: 345.1 346.1 347.1 348.1 349.1 350.1 351.1 352.1 353.1
5_timepoints: 478.4 47920 13310.4 4920.2 951.2 219.2 130.4 1 140.2
base: 283 2161 992 571 631 178 154 16 116
SW620_6h_UGln_R1_PIM_SCAN_01
RT(min): 22.689 c: 22.689
max_peak: 43304 c: 2014
mz: 345.1 346.1 347.1 348.1 349.1 350.1 351.1 352.1 353.1
5_timepoints: 197.6 39910.4 11168.2 4460.4 1289.6 247.6 47.6 33.2 222.4
base: 264 2202 1441 608 631 217 119 55 180
SW620_6h_UGln_R2_PIM_SCAN_01
RT(min): 22.732 c: 22.732
max_peak: 19920 c: 1282
mz: 345.1 346.1 347.1 348.1 349.1 350.1 351.1 352.1 353.1
5_timepoints: 60 17253 5188.4 2255.6 362.8 307.4 34 82.6 127.2
base: 235 1567 1118 545 391 141 92 38 121
SW620_6h_UGln_R3_PIM_SCAN_01
RT(min): 22.688 c: 22.688
max_peak: 39040 c: 2203
mz: 345.1 346.1 347.1 348.1 349.1 350.1 351.1 352.1 353.1
5_timepoints: 0 34158.4 10915.4 4282.4 707 322.2 18 2.4 63.2
base: 193 2150 1396 697 497 168 114 46 169


absolute_values,CDF_file: Max 345.1 346.1 347.1 348.1 349.1 350.1 351.1 352.1 353.1
SW620_24h_12Glc_R1_PIM_SCAN_01 69576 33 61969 16603 7438 669 67 90 14 -101
SW620_24h_12Glc_R2_PIM_SCAN_01 89776 -148 82161 21072 7846 1101 119 -63 16 -97
SW620_24h_12Glc_R3_PIM_SCAN_01 198080 -407 182212 47423 18477 4018 591 110 -53 145
SW620_24h_cold_R2_PIM_SCAN_01 104728 -264 94301 24561 10432 2207 572 104 -24 -60
SW620_24h_UGln_R1_PIM_SCAN_01 130784 -209 115344 31534 13373 1703 192 158 -64 -30
SW620_24h_UGln_R2_PIM_SCAN_01 72984 -132 64564 17111 7404 1272 111 192 -30 -5
SW620_24h_UGln_R3_PIM_SCAN_01 189568 13 169733 45503 16875 3039 720 1731 526 106
SW620_6h_12Glc_R1_PIM_SCAN_01 48664 21 44111 10837 4700 519 -19 73 -38 117
SW620_6h_12Glc_R2_PIM_SCAN_01 39560 49 34798 9722 3338 506 0 68 53 -40
SW620_6h_12Glc_R3_PIM_SCAN_01 53440 195 45759 12318 4350 320 42 -24 -15 24
SW620_6h_UGln_R1_PIM_SCAN_01 43304 -67 37708 9727 3853 659 30 -71 -21 43
SW620_6h_UGln_R2_PIM_SCAN_01 19920 -175 15686 4070 1710 -28 167 -58 44 6
SW620_6h_UGln_R3_PIM_SCAN_01 39040 -193 32009 9519 3586 210 154 -96 -44 -106
END


relative_values,CDF_file: Max 345.1 346.1 347.1 348.1 349.1 350.1 351.1 352.1 353.1
SW620_24h_12Glc_R1_PIM_SCAN_01 69576 5e-04 1 0.2679 0.12 0.0108 0.0011 0.0015 2e-04 -0.0016
SW620_24h_12Glc_R2_PIM_SCAN_01 89776 -0.0018 1 0.2565 0.0955 0.0134 0.0014 -8e-04 2e-04 -0.0012
SW620_24h_12Glc_R3_PIM_SCAN_01 198080 -0.0022 1 0.2603 0.1014 0.0221 0.0032 6e-04 -3e-04 8e-04
SW620_24h_cold_R2_PIM_SCAN_01 104728 -0.0028 1 0.2605 0.1106 0.0234 0.0061 0.0011 -3e-04 -6e-04
SW620_24h_UGln_R1_PIM_SCAN_01 130784 -0.0018 1 0.2734 0.1159 0.0148 0.0017 0.0014 -6e-04 -3e-04
SW620_24h_UGln_R2_PIM_SCAN_01 72984 -0.002 1 0.265 0.1147 0.0197 0.0017 0.003 -5e-04 -1e-04
SW620_24h_UGln_R3_PIM_SCAN_01 189568 1e-04 1 0.2681 0.0994 0.0179 0.0042 0.0102 0.0031 6e-04
SW620_6h_12Glc_R1_PIM_SCAN_01 48664 5e-04 1 0.2457 0.1065 0.0118 -4e-04 0.0017 -9e-04 0.0027
SW620_6h_12Glc_R2_PIM_SCAN_01 39560 0.0014 1 0.2794 0.0959 0.0145 0 0.002 0.0015 -0.0011
SW620_6h_12Glc_R3_PIM_SCAN_01 53440 0.0043 1 0.2692 0.0951 0.007 9e-04 -5e-04 -3e-04 5e-04
SW620_6h_UGln_R1_PIM_SCAN_01 43304 -0.0018 1 0.258 0.1022 0.0175 8e-04 -0.0019 -6e-04 0.0011
SW620_6h_UGln_R2_PIM_SCAN_01 19920 -0.0112 1 0.2595 0.109 -0.0018 0.0106 -0.0037 0.0028 4e-04
SW620_6h_UGln_R3_PIM_SCAN_01 39040 -0.006 1 0.2974 0.112 0.0066 0.0048 -0.003 -0.0014 -0.0033
