###	RAMID version 1.0: 7e5b4013a643c4a6b2ff63cfd722a126 2021-09-08 14:03:09 	***

SW620_24h_12Glc_R1_PIM_SCAN_01
RT(min): 27.298 c: 27.298
max_peak: 557312 c: 1323008
mz: 389.2 390.2 391.2 392.2 393.2 394.2 395.2
5_timepoints: 0 507929.6 194700.8 101712 27344 8162.6 1089.8
base: 27 430 211 65 13 4 30
SW620_24h_12Glc_R2_PIM_SCAN_01
RT(min): 27.299 c: 27.299
max_peak: 796224 c: 1941504
mz: 389.2 390.2 391.2 392.2 393.2 394.2 395.2
5_timepoints: 0 741094.4 253401.6 122068.8 28460.8 6128 949.2
base: 69 956 365 184 97 16 6
SW620_24h_12Glc_R3_PIM_SCAN_01
RT(min): 27.299 c: 27.299
max_peak: 886720 c: 2163712
mz: 389.2 390.2 391.2 392.2 393.2 394.2 395.2
5_timepoints: 0 834457.6 324838.4 166080 46800 14710.8 2595.2
base: 66 1526 647 383 143 16 33
SW620_24h_cold_R2_PIM_SCAN_01
RT(min): 27.292 c: 27.292
max_peak: 911296 c: 2127360
mz: 389.2 390.2 391.2 392.2 393.2 394.2 395.2
5_timepoints: 0 849868.8 283059.2 133504 32945.6 7029.8 1402.4
base: 57 3188 1095 594 121 38 31
SW620_24h_UGln_R1_PIM_SCAN_01
RT(min): 27.292 c: 27.292
max_peak: 438336 c: 994688
mz: 389.2 390.2 391.2 392.2 393.2 394.2 395.2
5_timepoints: 950 418086.4 215513.6 164595.2 368230.4 117820.8 51531.2
base: 35 1676 1134 806 2216 846 371
SW620_24h_UGln_R2_PIM_SCAN_01
RT(min): 27.286 c: 27.286
max_peak: 323136 c: 734208
mz: 389.2 390.2 391.2 392.2 393.2 394.2 395.2
5_timepoints: 0 296230.4 151974.4 114326.4 269004.8 84369.6 37756.8
base: 53 1322 871 740 2209 726 53
SW620_24h_UGln_R3_PIM_SCAN_01
RT(min): 27.299 c: 27.299
max_peak: 682880 c: 1591296
mz: 389.2 390.2 391.2 392.2 393.2 394.2 395.2
5_timepoints: 0 618073.6 319462.4 241689.6 525465.6 164620.8 72380.8
base: 83 1757 960 352 2104 793 425
SW620_6h_12Glc_R1_PIM_SCAN_01
RT(min): 27.292 c: 27.292
max_peak: 276608 c: 635520
mz: 389.2 390.2 391.2 392.2 393.2 394.2 395.2
5_timepoints: 479.6 251622.4 88580.8 43956.8 10503.4 2959.2 675.4
base: 43 426 184 64 23 8 7
SW620_6h_12Glc_R2_PIM_SCAN_01
RT(min): 27.298 c: 27.298
max_peak: 280960 c: 650816
mz: 389.2 390.2 391.2 392.2 393.2 394.2 395.2
5_timepoints: 0 259558.4 91603.2 46462.4 10428.4 2771 541.6
base: 58 214 125 52 29 6 10
SW620_6h_12Glc_R3_PIM_SCAN_01
RT(min): 27.299 c: 27.299
max_peak: 346176 c: 817344
mz: 389.2 390.2 391.2 392.2 393.2 394.2 395.2
5_timepoints: 967.4 317683.2 111318.4 53518.4 12666 4081 730
base: 48 168 99 30 22 8 5
SW620_6h_UGln_R1_PIM_SCAN_01
RT(min): 27.305 c: 27.305
max_peak: 168256 c: 354304
mz: 389.2 390.2 391.2 392.2 393.2 394.2 395.2
5_timepoints: 125.6 150540.8 65432 49529.6 141356.8 43417.6 20087.2
base: 8 62 39 27 91 22 24
SW620_6h_UGln_R2_PIM_SCAN_01
RT(min): 27.298 c: 27.298
max_peak: 84712 c: 192640
mz: 389.2 390.2 391.2 392.2 393.2 394.2 395.2
5_timepoints: 155.2 79396.8 33952 27694.4 80187.2 24603.2 10695.6
base: 23 79 40 41 89 15 16
SW620_6h_UGln_R3_PIM_SCAN_01
RT(min): 27.305 c: 27.305
max_peak: 120616 c: 299328
mz: 389.2 390.2 391.2 392.2 393.2 394.2 395.2
5_timepoints: 441.2 114078.4 50478.4 36790.4 105396.8 33504 15291.2
base: 38 43 23 19 58 36 13


absolute_values,CDF_file: Max 389.2 390.2 391.2 392.2 393.2 394.2 395.2
SW620_24h_12Glc_R1_PIM_SCAN_01 557312 -27 507500 194490 101647 27331 8159 1059
SW620_24h_12Glc_R2_PIM_SCAN_01 796224 -69 740139 253037 121884 28363 6112 943
SW620_24h_12Glc_R3_PIM_SCAN_01 886720 -66 832932 324191 165697 46657 14695 2563
SW620_24h_cold_R2_PIM_SCAN_01 911296 -57 846680 281964 132910 32824 6992 1371
SW620_24h_UGln_R1_PIM_SCAN_01 438336 915 416410 214380 163789 366014 116975 51161
SW620_24h_UGln_R2_PIM_SCAN_01 323136 -53 294909 151104 113586 266795 83643 37703
SW620_24h_UGln_R3_PIM_SCAN_01 682880 -83 616317 318502 241337 523362 163828 71956
SW620_6h_12Glc_R1_PIM_SCAN_01 276608 437 251196 88397 43893 10480 2952 669
SW620_6h_12Glc_R2_PIM_SCAN_01 280960 -58 259345 91478 46410 10399 2765 532
SW620_6h_12Glc_R3_PIM_SCAN_01 346176 920 317515 111220 53489 12644 4073 725
SW620_6h_UGln_R1_PIM_SCAN_01 168256 117 150479 65393 49502 141266 43396 20063
SW620_6h_UGln_R2_PIM_SCAN_01 84712 132 79317 33912 27654 80098 24588 10680
SW620_6h_UGln_R3_PIM_SCAN_01 120616 404 114036 50455 36771 105339 33468 15278
END


relative_values,CDF_file: Max 389.2 390.2 391.2 392.2 393.2 394.2 395.2
SW620_24h_12Glc_R1_PIM_SCAN_01 557312 -1e-04 1 0.3832 0.2003 0.0539 0.0161 0.0021
SW620_24h_12Glc_R2_PIM_SCAN_01 796224 -1e-04 1 0.3419 0.1647 0.0383 0.0083 0.0013
SW620_24h_12Glc_R3_PIM_SCAN_01 886720 -1e-04 1 0.3892 0.1989 0.056 0.0176 0.0031
SW620_24h_cold_R2_PIM_SCAN_01 911296 -1e-04 1 0.333 0.157 0.0388 0.0083 0.0016
SW620_24h_UGln_R1_PIM_SCAN_01 438336 0.0022 1 0.5148 0.3933 0.879 0.2809 0.1229
SW620_24h_UGln_R2_PIM_SCAN_01 323136 -2e-04 1 0.5124 0.3852 0.9047 0.2836 0.1278
SW620_24h_UGln_R3_PIM_SCAN_01 682880 -1e-04 1 0.5168 0.3916 0.8492 0.2658 0.1168
SW620_6h_12Glc_R1_PIM_SCAN_01 276608 0.0017 1 0.3519 0.1747 0.0417 0.0118 0.0027
SW620_6h_12Glc_R2_PIM_SCAN_01 280960 -2e-04 1 0.3527 0.179 0.0401 0.0107 0.0021
SW620_6h_12Glc_R3_PIM_SCAN_01 346176 0.0029 1 0.3503 0.1685 0.0398 0.0128 0.0023
SW620_6h_UGln_R1_PIM_SCAN_01 168256 8e-04 1 0.4346 0.329 0.9388 0.2884 0.1333
SW620_6h_UGln_R2_PIM_SCAN_01 84712 0.0016 0.9902 0.4234 0.3453 1 0.307 0.1333
SW620_6h_UGln_R3_PIM_SCAN_01 120616 0.0035 1 0.4424 0.3225 0.9237 0.2935 0.134
