###	RAMID version 1.0: 7e5b4013a643c4a6b2ff63cfd722a126 2021-09-08 14:03:09 	***

SW620_24h_12Glc_R1_PIM_SCAN_01
RT(min): 27.298 c: 27.298
max_peak: 1323008 c: 557312
mz: 417.2 418.2 419.2 420.2 421.2 422.2 423.2 424.2
5_timepoints: 0 1231257.6 462425.6 274790.4 79692.8 24276.8 5566 1424
base: 28 1075 543 358 96 18 4 10
SW620_24h_12Glc_R2_PIM_SCAN_01
RT(min): 27.299 c: 27.299
max_peak: 1941504 c: 796224
mz: 417.2 418.2 419.2 420.2 421.2 422.2 423.2 424.2
5_timepoints: 0 1813811.2 642432 290688 70851.2 16651.4 2986.8 208.4
base: 78 2081 935 223 190 59 16 10
SW620_24h_12Glc_R3_PIM_SCAN_01
RT(min): 27.299 c: 27.299
max_peak: 2163712 c: 886720
mz: 417.2 418.2 419.2 420.2 421.2 422.2 423.2 424.2
5_timepoints: 0 2024243.2 753164.8 452889.6 131568 40848 8463.2 2119.4
base: 166 3238 1605 945 298 154 52 14
SW620_24h_cold_R2_PIM_SCAN_01
RT(min): 27.292 c: 27.292
max_peak: 2127360 c: 911296
mz: 417.2 418.2 419.2 420.2 421.2 422.2 423.2 424.2
5_timepoints: 0 2020352 714496 334233.6 79107.2 19540.8 3717 475.8
base: 159 6869 3086 1282 296 106 27 17
SW620_24h_UGln_R1_PIM_SCAN_01
RT(min): 27.299 c: 27.299
max_peak: 1083904 c: 429568
mz: 417.2 418.2 419.2 420.2 421.2 422.2 423.2 424.2
5_timepoints: 0 981004.8 431270.4 403353.6 220019.2 788326.4 237670.4 113089.6
base: 62 2281 918 610 537 2973 665 689
SW620_24h_UGln_R2_PIM_SCAN_01
RT(min): 27.292 c: 27.292
max_peak: 749312 c: 307328
mz: 417.2 418.2 419.2 420.2 421.2 422.2 423.2 424.2
5_timepoints: 0 703718.4 302131.2 282419.2 160704 569510.4 178150.4 80600
base: 121 2546 1309 1432 979 3488 1282 460
SW620_24h_UGln_R3_PIM_SCAN_01
RT(min): 27.299 c: 27.299
max_peak: 1591296 c: 682880
mz: 417.2 418.2 419.2 420.2 421.2 422.2 423.2 424.2
5_timepoints: 0 1468416 653606.4 605401.6 330752 1158169.6 358528 163748.8
base: 114 4297 2316 530 1646 5455 1759 1062
SW620_6h_12Glc_R1_PIM_SCAN_01
RT(min): 27.299 c: 27.299
max_peak: 642304 c: 270336
mz: 417.2 418.2 419.2 420.2 421.2 422.2 423.2 424.2
5_timepoints: 1370 607168 220953.6 113089.6 29620.8 7951.2 1567.8 361
base: 26 583 328 107 37 15 24 13
SW620_6h_12Glc_R2_PIM_SCAN_01
RT(min): 27.298 c: 27.298
max_peak: 650816 c: 280960
mz: 417.2 418.2 419.2 420.2 421.2 422.2 423.2 424.2
5_timepoints: 0 623027.2 226854.4 115632 29257.6 7688 2171.6 182.6
base: 81 502 242 105 38 10 9 5
SW620_6h_12Glc_R3_PIM_SCAN_01
RT(min): 27.299 c: 27.299
max_peak: 817344 c: 346176
mz: 417.2 418.2 419.2 420.2 421.2 422.2 423.2 424.2
5_timepoints: 0 764006.4 272435.2 147006.4 36083.2 10289.8 1748 710.8
base: 26 656 324 221 42 12 15 4
SW620_6h_UGln_R1_PIM_SCAN_01
RT(min): 27.299 c: 27.299
max_peak: 377664 c: 165184
mz: 417.2 418.2 419.2 420.2 421.2 422.2 423.2 424.2
5_timepoints: 1208.6 357184 138025.6 113574.4 88833.6 335142.4 103878.4 47755.2
base: 31 231 101 116 78 304 32 54
SW620_6h_UGln_R2_PIM_SCAN_01
RT(min): 27.305 c: 27.305
max_peak: 209216 c: 76904
mz: 417.2 418.2 419.2 420.2 421.2 422.2 423.2 424.2
5_timepoints: 653.8 189836.8 73752 58409.6 43932.8 165811.2 52355.2 24560
base: 26 76 61 16 12 77 40 26
SW620_6h_UGln_R3_PIM_SCAN_01
RT(min): 27.305 c: 27.305
max_peak: 299328 c: 120616
mz: 417.2 418.2 419.2 420.2 421.2 422.2 423.2 424.2
5_timepoints: 0 279500.8 107651.2 84745.6 62160 234982.4 76222.4 32900.8
base: 42 103 71 38 71 106 65 23


absolute_values,CDF_file: Max 417.2 418.2 419.2 420.2 421.2 422.2 423.2 424.2
SW620_24h_12Glc_R1_PIM_SCAN_01 1323008 -28 1230183 461882 274433 79597 24259 5562 1414
SW620_24h_12Glc_R2_PIM_SCAN_01 1941504 -78 1811730 641497 290465 70662 16592 2971 199
SW620_24h_12Glc_R3_PIM_SCAN_01 2163712 -166 2021005 751560 451945 131270 40694 8411 2105
SW620_24h_cold_R2_PIM_SCAN_01 2127360 -159 2013483 711410 332952 78812 19435 3690 459
SW620_24h_UGln_R1_PIM_SCAN_01 1083904 -62 978724 430352 402743 219482 785353 237005 112400
SW620_24h_UGln_R2_PIM_SCAN_01 749312 -121 701172 300822 280987 159725 566022 176868 80140
SW620_24h_UGln_R3_PIM_SCAN_01 1591296 -114 1464119 651290 604872 329106 1152715 356769 162687
SW620_6h_12Glc_R1_PIM_SCAN_01 642304 1344 606585 220626 112983 29584 7936 1544 348
SW620_6h_12Glc_R2_PIM_SCAN_01 650816 -81 622525 226613 115527 29219 7678 2163 177
SW620_6h_12Glc_R3_PIM_SCAN_01 817344 -26 763350 272111 146786 36041 10278 1733 707
SW620_6h_UGln_R1_PIM_SCAN_01 377664 1178 356953 137925 113458 88756 334839 103847 47701
SW620_6h_UGln_R2_PIM_SCAN_01 209216 628 189761 73691 58393 43920 165734 52315 24534
SW620_6h_UGln_R3_PIM_SCAN_01 299328 -42 279398 107581 84707 62089 234877 76157 32878
END


relative_values,CDF_file: Max 417.2 418.2 419.2 420.2 421.2 422.2 423.2 424.2
SW620_24h_12Glc_R1_PIM_SCAN_01 1323008 0 1 0.3755 0.2231 0.0647 0.0197 0.0045 0.0011
SW620_24h_12Glc_R2_PIM_SCAN_01 1941504 0 1 0.3541 0.1603 0.039 0.0092 0.0016 1e-04
SW620_24h_12Glc_R3_PIM_SCAN_01 2163712 -1e-04 1 0.3719 0.2236 0.065 0.0201 0.0042 0.001
SW620_24h_cold_R2_PIM_SCAN_01 2127360 -1e-04 1 0.3533 0.1654 0.0391 0.0097 0.0018 2e-04
SW620_24h_UGln_R1_PIM_SCAN_01 1083904 -1e-04 1 0.4397 0.4115 0.2243 0.8024 0.2422 0.1148
SW620_24h_UGln_R2_PIM_SCAN_01 749312 -2e-04 1 0.429 0.4007 0.2278 0.8073 0.2522 0.1143
SW620_24h_UGln_R3_PIM_SCAN_01 1591296 -1e-04 1 0.4448 0.4131 0.2248 0.7873 0.2437 0.1111
SW620_6h_12Glc_R1_PIM_SCAN_01 642304 0.0022 1 0.3637 0.1863 0.0488 0.0131 0.0025 6e-04
SW620_6h_12Glc_R2_PIM_SCAN_01 650816 -1e-04 1 0.364 0.1856 0.0469 0.0123 0.0035 3e-04
SW620_6h_12Glc_R3_PIM_SCAN_01 817344 0 1 0.3565 0.1923 0.0472 0.0135 0.0023 9e-04
SW620_6h_UGln_R1_PIM_SCAN_01 377664 0.0033 1 0.3864 0.3179 0.2486 0.938 0.2909 0.1336
SW620_6h_UGln_R2_PIM_SCAN_01 209216 0.0033 1 0.3883 0.3077 0.2314 0.8734 0.2757 0.1293
SW620_6h_UGln_R3_PIM_SCAN_01 299328 -2e-04 1 0.385 0.3032 0.2222 0.8407 0.2726 0.1177
