###	RAMID version 1.0: 7e5b4013a643c4a6b2ff63cfd722a126 2021-09-08 14:03:09 	***

SW620_24h_12Glc_R1_PIM_SCAN_01
RT(min): 32.572 c: 32.572
max_peak: 427 c: 4
mz: 416.3 417.3 418.3 419.3 420.3 421.3 422.3 423.3
*!?* 5_timepoints: 85.6 187.2 7.2 4.8 112.8 7.8 3.8 25.2
base: 25 49 22 29 103 6 11 15
SW620_24h_12Glc_R3_PIM_SCAN_01
RT(min): 32.559 c: 32.559
max_peak: 664 c: 1
mz: 416.3 417.3 418.3 419.3 420.3 421.3 422.3 423.3
*!?* 5_timepoints: 190 198 83.8 78.4 696.8 29.4 60.6 49.6
base: 43 63 84 46 261 103 75 43
SW620_24h_UGln_R1_PIM_SCAN_01
RT(min): 32.678 c: 32.678
max_peak: 629 c: 0
mz: 416.3 417.3 418.3 419.3 420.3 421.3 422.3 423.3
5_timepoints: 59.6 181.2 247.8 111.4 5 17.4 5.2 7
base: 56 74 115 58 178 27 26 12
SW620_24h_UGln_R2_PIM_SCAN_01
RT(min): 32.86 c: 32.86
max_peak: 535 c: 4
mz: 416.3 417.3 418.3 419.3 420.3 421.3 422.3 423.3
5_timepoints: 2.4 140.6 53.6 4.6 12.4 8 16 5.2
base: 45 70 28 34 94 67 22 9
SW620_6h_12Glc_R1_PIM_SCAN_01
RT(min): 32.697 c: 32.697
max_peak: 249 c: 11
mz: 416.3 417.3 418.3 419.3 420.3 421.3 422.3 423.3
5_timepoints: 4.6 135 1.4 11.2 3.6 5.8 8.6 2.4
base: 8 41 15 15 50 24 7 7
SW620_6h_12Glc_R2_PIM_SCAN_01
RT(min): 32.703 c: 32.703
max_peak: 524 c: 1
mz: 416.3 417.3 418.3 419.3 420.3 421.3 422.3 423.3
5_timepoints: 5.6 120 8 3.2 55.8 8.2 3 4.6
base: 10 48 57 12 63 16 8 5
SW620_6h_UGln_R1_PIM_SCAN_01
RT(min): 32.853 c: 32.853
max_peak: 287 c: 0
mz: 416.3 417.3 418.3 419.3 420.3 421.3 422.3 423.3
*!?* 5_timepoints: 97.6 80 12.6 3.6 1.2 23.6 3.6 7.8
base: 8 9 5 30 62 40 11 5
SW620_6h_UGln_R2_PIM_SCAN_01
RT(min): 32.897 c: 32.897
max_peak: 237 c: 0
mz: 416.3 417.3 418.3 419.3 420.3 421.3 422.3 423.3
5_timepoints: 7.4 73.4 66 73 9.6 3.8 1.4 3
base: 9 19 6 6 4 20 13 4
SW620_6h_UGln_R3_PIM_SCAN_01
RT(min): 32.603 c: 32.603
max_peak: 298 c: 0
mz: 416.3 417.3 418.3 419.3 420.3 421.3 422.3 423.3
5_timepoints: 3.8 145 5 32.8 27 57.4 1.8 2.6
base: 4 47 18 10 7 8 12 6


absolute_values,CDF_file: Max 416.3 417.3 418.3 419.3 420.3 421.3 422.3 423.3
SW620_24h_12Glc_R1_PIM_SCAN_01 427 61 138 -15 -24 10 1 -7 10
SW620_24h_12Glc_R3_PIM_SCAN_01 664 147 135 0 32 436 -73 -15 7
SW620_24h_UGln_R1_PIM_SCAN_01 629 3 108 133 53 -173 -10 -21 -5
SW620_24h_UGln_R2_PIM_SCAN_01 535 -43 71 26 -29 -82 -59 -6 -3
SW620_6h_12Glc_R1_PIM_SCAN_01 249 -3 94 -14 -4 -46 -18 2 -4
SW620_6h_12Glc_R2_PIM_SCAN_01 524 -4 72 -49 -8 -7 -7 -5 -1
SW620_6h_UGln_R1_PIM_SCAN_01 287 90 71 7 -26 -60 -16 -7 3
SW620_6h_UGln_R2_PIM_SCAN_01 237 -2 54 60 67 5 -16 -11 -1
SW620_6h_UGln_R3_PIM_SCAN_01 298 0 98 -13 22 20 50 -11 -3
END


relative_values,CDF_file: Max 416.3 417.3 418.3 419.3 420.3 421.3 422.3 423.3
SW620_24h_12Glc_R1_PIM_SCAN_01 427 0.442 1 -0.1087 -0.1739 0.0725 0.0072 -0.0507 0.0725
SW620_24h_12Glc_R3_PIM_SCAN_01 664 0.3372 0.3096 0 0.0734 1 -0.1674 -0.0344 0.0161
SW620_24h_UGln_R1_PIM_SCAN_01 629 0.0226 0.812 1 0.3985 -1.3008 -0.0752 -0.1579 -0.0376
SW620_24h_UGln_R2_PIM_SCAN_01 535 -0.6056 1 0.3662 -0.4085 -1.1549 -0.831 -0.0845 -0.0423
SW620_6h_12Glc_R1_PIM_SCAN_01 249 -0.0319 1 -0.1489 -0.0426 -0.4894 -0.1915 0.0213 -0.0426
SW620_6h_12Glc_R2_PIM_SCAN_01 524 -0.0556 1 -0.6806 -0.1111 -0.0972 -0.0972 -0.0694 -0.0139
SW620_6h_UGln_R1_PIM_SCAN_01 287 1 0.7889 0.0778 -0.2889 -0.6667 -0.1778 -0.0778 0.0333
SW620_6h_UGln_R2_PIM_SCAN_01 237 -0.0299 0.806 0.8955 1 0.0746 -0.2388 -0.1642 -0.0149
SW620_6h_UGln_R3_PIM_SCAN_01 298 0 1 -0.1327 0.2245 0.2041 0.5102 -0.1122 -0.0306
