###	RAMID version 1.0: 7e5b4013a643c4a6b2ff63cfd722a126 2021-09-08 14:03:09 	***

SW620_24h_12Glc_R1_PIM_SCAN_01
RT(min): 34.736 c: 34.736
max_peak: 1916 c: 0
mz: 458.3 459.3 460.3 461.3 462.3 463.3 464.3 465.3 466.3
*!?* 5_timepoints: 935.6 651.2 315.4 186.8 1253.8 903 486.8 75.6 106.2
base: 138 162 71 29 5378 1928 1246 399 193
SW620_24h_12Glc_R3_PIM_SCAN_01
RT(min): 34.742 c: 34.742
max_peak: 3411 c: 273
mz: 458.3 459.3 460.3 461.3 462.3 463.3 464.3 465.3 466.3
*!?* 5_timepoints: 2622.2 1171 631.4 168.4 2611 1460.4 1008.2 330.4 223.6
base: 226 149 111 116 15111 6026 3754 737 473
SW620_24h_cold_R2_PIM_SCAN_01
RT(min): 34.742 c: 34.742
max_peak: 2509 c: 6
mz: 458.3 459.3 460.3 461.3 462.3 463.3 464.3 465.3 466.3
*!?* 5_timepoints: 1579 1075.6 543.4 336.8 2066.8 1140.6 444.2 119.8 112
base: 209 125 113 84 7682 2982 1425 449 140
SW620_24h_UGln_R1_PIM_SCAN_01
RT(min): 34.761 c: 34.761
max_peak: 4507 c: 75
mz: 458.3 459.3 460.3 461.3 462.3 463.3 464.3 465.3 466.3
*!?* 5_timepoints: 1424.8 1378.4 5499.6 2096.2 2513 1531.4 899.4 435.6 1335
base: 209 181 197 117 4935 2336 2250 1339 4829
SW620_24h_UGln_R2_PIM_SCAN_01
RT(min): 34.755 c: 34.755
max_peak: 7615 c: 2
mz: 458.3 459.3 460.3 461.3 462.3 463.3 464.3 465.3 466.3
*!?* 5_timepoints: 1061.2 653.2 5463.2 1818.2 1421.8 838.6 574.2 334.8 797
base: 180 89 59 81 2910 996 1432 677 2077
SW620_24h_UGln_R3_PIM_SCAN_01
RT(min): 34.736 c: 34.736
max_peak: 16968 c: 23
mz: 458.3 459.3 460.3 461.3 462.3 463.3 464.3 465.3 466.3
*!?* 5_timepoints: 1654.8 2147 17556.8 6430.6 6085.2 2162 1398.6 1101.2 1326
base: 314 185 272 200 8266 4135 3565 2235 6527
SW620_6h_12Glc_R1_PIM_SCAN_01
RT(min): 34.755 c: 34.755
max_peak: 1087 c: 3
mz: 458.3 459.3 460.3 461.3 462.3 463.3 464.3 465.3 466.3
*!?* 5_timepoints: 723 578 296.4 47.2 1022 576.8 291.6 35.6 2.4
base: 58 33 33 69 1553 700 246 66 52
SW620_6h_12Glc_R2_PIM_SCAN_01
RT(min): 34.842 c: 34.842
max_peak: 16520 c: 2
mz: 458.3 459.3 460.3 461.3 462.3 463.3 464.3 465.3 466.3
*!?* 5_timepoints: 214 347.8 14268.8 4988.8 2945.8 713.2 139.8 69.8 4
base: 48 103 126 49 98 107 6 25 27
SW620_6h_12Glc_R3_PIM_SCAN_01
RT(min): 34.736 c: 34.736
max_peak: 1188 c: 1
mz: 458.3 459.3 460.3 461.3 462.3 463.3 464.3 465.3 466.3
*!?* 5_timepoints: 930.4 649.8 610.4 283.2 1023 600.2 275.6 198.2 50
base: 46 68 78 47 3011 1175 700 208 67
SW620_6h_UGln_R1_PIM_SCAN_01
RT(min): 34.768 c: 34.768
max_peak: 4266 c: 362
mz: 458.3 459.3 460.3 461.3 462.3 463.3 464.3 465.3 466.3
*!?* 5_timepoints: 458.8 632 4261.4 1608.6 1497.4 652.4 379.8 253.8 624.8
base: 80 19 27 30 289 122 130 123 250
SW620_6h_UGln_R2_PIM_SCAN_01
RT(min): 34.867 c: 34.867
max_peak: 4462 c: 9
mz: 458.3 459.3 460.3 461.3 462.3 463.3 464.3 465.3 466.3
*!?* 5_timepoints: 90.2 212.8 4364 2225.2 880 238.8 93.6 84.8 13.4
base: 60 46 5 37 5 41 5 5 4
SW620_6h_UGln_R3_PIM_SCAN_01
RT(min): 34.761 c: 34.761
max_peak: 2895 c: 8
mz: 458.3 459.3 460.3 461.3 462.3 463.3 464.3 465.3 466.3
*!?* 5_timepoints: 516.4 410 2744.6 1171 972 490.2 183.6 167.4 451.4
base: 34 45 21 28 256 161 54 35 292


absolute_values,CDF_file: Max 458.3 459.3 460.3 461.3 462.3 463.3 464.3 465.3 466.3
SW620_24h_12Glc_R1_PIM_SCAN_01 1916 798 489 244 158 -4124 -1025 -760 -324 -87
SW620_24h_12Glc_R3_PIM_SCAN_01 3411 2396 1022 521 52 -12500 -4566 -2745 -407 -250
SW620_24h_cold_R2_PIM_SCAN_01 2509 1370 951 430 253 -5615 -1841 -981 -329 -28
SW620_24h_UGln_R1_PIM_SCAN_01 4507 1216 1198 5303 1979 -2422 -805 -1350 -903 -3494
SW620_24h_UGln_R2_PIM_SCAN_01 7615 881 565 5404 1737 -1488 -158 -858 -342 -1280
SW620_24h_UGln_R3_PIM_SCAN_01 16968 1340 1962 17285 6231 -2181 -1973 -2167 -1134 -5201
SW620_6h_12Glc_R1_PIM_SCAN_01 1087 665 545 263 -22 -531 -123 46 -30 -50
SW620_6h_12Glc_R2_PIM_SCAN_01 16520 166 245 14143 4940 2848 606 134 45 -23
SW620_6h_12Glc_R3_PIM_SCAN_01 1188 885 582 532 236 -1988 -575 -425 -10 -17
SW620_6h_UGln_R1_PIM_SCAN_01 4266 379 613 4234 1578 1208 530 250 130 375
SW620_6h_UGln_R2_PIM_SCAN_01 4462 30 167 4359 2188 875 198 88 79 10
SW620_6h_UGln_R3_PIM_SCAN_01 2895 483 365 2724 1143 716 330 130 133 159
END


relative_values,CDF_file: Max 458.3 459.3 460.3 461.3 462.3 463.3 464.3 465.3 466.3
SW620_24h_12Glc_R1_PIM_SCAN_01 1916 1 0.6128 0.3058 0.198 -5.1679 -1.2845 -0.9524 -0.406 -0.109
SW620_24h_12Glc_R3_PIM_SCAN_01 3411 1 0.4265 0.2174 0.0217 -5.217 -1.9057 -1.1457 -0.1699 -0.1043
SW620_24h_cold_R2_PIM_SCAN_01 2509 1 0.6942 0.3139 0.1847 -4.0985 -1.3438 -0.7161 -0.2401 -0.0204
SW620_24h_UGln_R1_PIM_SCAN_01 4507 0.2293 0.2259 1 0.3732 -0.4567 -0.1518 -0.2546 -0.1703 -0.6589
SW620_24h_UGln_R2_PIM_SCAN_01 7615 0.163 0.1046 1 0.3214 -0.2754 -0.0292 -0.1588 -0.0633 -0.2369
SW620_24h_UGln_R3_PIM_SCAN_01 16968 0.0775 0.1135 1 0.3605 -0.1262 -0.1141 -0.1254 -0.0656 -0.3009
SW620_6h_12Glc_R1_PIM_SCAN_01 1087 1 0.8195 0.3955 -0.0331 -0.7985 -0.185 0.0692 -0.0451 -0.0752
SW620_6h_12Glc_R2_PIM_SCAN_01 16520 0.0117 0.0173 1 0.3493 0.2014 0.0428 0.0095 0.0032 -0.0016
SW620_6h_12Glc_R3_PIM_SCAN_01 1188 1 0.6576 0.6011 0.2667 -2.2463 -0.6497 -0.4802 -0.0113 -0.0192
SW620_6h_UGln_R1_PIM_SCAN_01 4266 0.0895 0.1448 1 0.3727 0.2853 0.1252 0.059 0.0307 0.0886
SW620_6h_UGln_R2_PIM_SCAN_01 4462 0.0069 0.0383 1 0.5019 0.2007 0.0454 0.0202 0.0181 0.0023
SW620_6h_UGln_R3_PIM_SCAN_01 2895 0.1773 0.134 1 0.4196 0.2628 0.1211 0.0477 0.0488 0.0584
