###	RAMID version 1.0: 7e5b4013a643c4a6b2ff63cfd722a126 2021-09-08 14:03:09 	***

SW620_24h_12Glc_R1_PIM_SCAN_01
RT(min): 36.975 c: 36.975
max_peak: 555072 c: 1127424
mz: 590.4 591.4 592.4 593.4 594.4 595.4 596.4 597.4 598.4 599.4
5_timepoints: 0 427353.6 219961.6 225331.2 93268.8 44838.4 14151.2 5114.2 875.6 298.6
base: 192 112 34 21 10 6 13 8 49 7
SW620_24h_12Glc_R2_PIM_SCAN_01
RT(min): 36.969 c: 36.969
max_peak: 951424 c: 1995776
mz: 590.4 591.4 592.4 593.4 594.4 595.4 596.4 597.4 598.4 599.4
5_timepoints: 0 770713.6 369484.8 195648 63038.4 18109.4 4108.6 1197.6 173.2 9.8
base: 196 162 44 32 24 11 11 13 54 31
SW620_24h_12Glc_R3_PIM_SCAN_01
RT(min): 36.969 c: 36.969
max_peak: 922880 c: 2078720
mz: 590.4 591.4 592.4 593.4 594.4 595.4 596.4 597.4 598.4 599.4
5_timepoints: 0 740544 395353.6 420262.4 171220.8 83841.6 28209.6 8909.6 2664.4 706.8
base: 819 351 164 34 36 20 16 27 44 35
SW620_24h_cold_R2_PIM_SCAN_01
RT(min): 36.969 c: 36.969
max_peak: 1065472 c: 2219520
mz: 590.4 591.4 592.4 593.4 594.4 595.4 596.4 597.4 598.4 599.4
5_timepoints: 0 830246.4 402816 217548.8 66264 18201.6 4584.8 721.8 163.6 17.4
base: 596 325 96 54 13 9 4 40 38 25
SW620_24h_UGln_R1_PIM_SCAN_01
RT(min): 36.969 c: 36.969
max_peak: 491712 c: 1063936
mz: 590.4 591.4 592.4 593.4 594.4 595.4 596.4 597.4 598.4 599.4
5_timepoints: 203.8 381132.8 218342.4 207859.2 122387.2 311692.8 153980.8 82110.4 25819.2 8176.4
base: 400 371 3219 1346 724 255 96 47 99 20
SW620_24h_UGln_R2_PIM_SCAN_01
RT(min): 36.969 c: 36.969
max_peak: 371392 c: 788032
mz: 590.4 591.4 592.4 593.4 594.4 595.4 596.4 597.4 598.4 599.4
5_timepoints: 0 279987.2 164865.6 155868.8 91475.2 229120 114390.4 56500.8 18926.4 7016.6
base: 15 48 167 70 18 32 16 6 35 8
SW620_24h_UGln_R3_PIM_SCAN_01
RT(min): 36.969 c: 36.969
max_peak: 647424 c: 1429504
mz: 590.4 591.4 592.4 593.4 594.4 595.4 596.4 597.4 598.4 599.4
5_timepoints: 0 519257.6 304576 277158.4 167792 398105.6 198396.8 100849.6 33033.8 11159
base: 456 581 4746 2300 1459 428 182 38 8 18
SW620_6h_12Glc_R1_PIM_SCAN_01
RT(min): 36.975 c: 36.975
max_peak: 208000 c: 417920
mz: 590.4 591.4 592.4 593.4 594.4 595.4 596.4 597.4 598.4 599.4
5_timepoints: 67.6 161358.4 83251.2 72801.6 27681.6 11824 3835.4 1031.2 320.4 4.2
base: 106 86 34 41 10 6 4 8 12 6
SW620_6h_12Glc_R2_PIM_SCAN_01
RT(min): 36.975 c: 36.975
max_peak: 236224 c: 457536
mz: 590.4 591.4 592.4 593.4 594.4 595.4 596.4 597.4 598.4 599.4
5_timepoints: 447.2 173857.6 88244.8 76984 29811.2 12534.2 4016.6 1456.4 357.2 32
base: 111 136 85 70 12 3 10 17 10 6
SW620_6h_12Glc_R3_PIM_SCAN_01
RT(min): 36.975 c: 36.975
max_peak: 227456 c: 450176
mz: 590.4 591.4 592.4 593.4 594.4 595.4 596.4 597.4 598.4 599.4
5_timepoints: 141.6 177942.4 91723.2 78036.8 29239.8 12523.6 3739.2 1360.8 249.6 16.4
base: 119 195 66 16 42 7 6 18 6 38
SW620_6h_UGln_R1_PIM_SCAN_01
RT(min): 36.976 c: 36.976
max_peak: 123496 c: 253888
mz: 590.4 591.4 592.4 593.4 594.4 595.4 596.4 597.4 598.4 599.4
5_timepoints: 538 98400 53145.6 44033.6 30337.6 84593.6 47651.2 26289.4 9089 3063.4
base: 99 147 903 460 224 107 57 12 13 8
SW620_6h_UGln_R2_PIM_SCAN_01
RT(min): 36.975 c: 36.975
max_peak: 77744 c: 153856
mz: 590.4 591.4 592.4 593.4 594.4 595.4 596.4 597.4 598.4 599.4
5_timepoints: 2.4 59483.2 32816 26094.4 19734.8 49894.4 28649.2 17115 5041.4 2050
base: 4 5 17 4 8 7 3 12 3 4
SW620_6h_UGln_R3_PIM_SCAN_01
RT(min): 36.982 c: 36.982
max_peak: 100288 c: 178112
mz: 590.4 591.4 592.4 593.4 594.4 595.4 596.4 597.4 598.4 599.4
5_timepoints: 373.2 76748.8 39648.8 34381 21699.8 52758.4 32186 17531.8 6321.4 2073.8
base: 48 28 183 40 64 5 4 6 16 3


absolute_values,CDF_file: Max 590.4 591.4 592.4 593.4 594.4 595.4 596.4 597.4 598.4 599.4
SW620_24h_12Glc_R1_PIM_SCAN_01 555072 -192 427241 219927 225311 93259 44832 14138 5106 826 291
SW620_24h_12Glc_R2_PIM_SCAN_01 951424 -196 770551 369441 195616 63014 18099 4098 1185 119 -21
SW620_24h_12Glc_R3_PIM_SCAN_01 922880 -819 740193 395190 420228 171185 83822 28193 8882 2620 672
SW620_24h_cold_R2_PIM_SCAN_01 1065472 -596 829921 402720 217495 66251 18193 4580 682 126 -8
SW620_24h_UGln_R1_PIM_SCAN_01 491712 -197 380762 215124 206513 121663 311437 153884 82064 25720 8156
SW620_24h_UGln_R2_PIM_SCAN_01 371392 -15 279940 164699 155799 91457 229088 114374 56494 18892 7008
SW620_24h_UGln_R3_PIM_SCAN_01 647424 -456 518677 299830 274858 166333 397678 198215 100812 33026 11141
SW620_6h_12Glc_R1_PIM_SCAN_01 208000 -38 161273 83217 72761 27671 11818 3831 1023 308 -2
SW620_6h_12Glc_R2_PIM_SCAN_01 236224 337 173722 88160 76914 29799 12531 4006 1439 347 26
SW620_6h_12Glc_R3_PIM_SCAN_01 227456 23 177748 91657 78021 29198 12517 3733 1343 244 -22
SW620_6h_UGln_R1_PIM_SCAN_01 123496 439 98253 52243 43574 30113 84486 47594 26278 9076 3055
SW620_6h_UGln_R2_PIM_SCAN_01 77744 -2 59479 32799 26091 19727 49887 28646 17103 5038 2046
SW620_6h_UGln_R3_PIM_SCAN_01 100288 325 76721 39465 34341 21636 52753 32182 17526 6306 2071
END


relative_values,CDF_file: Max 590.4 591.4 592.4 593.4 594.4 595.4 596.4 597.4 598.4 599.4
SW620_24h_12Glc_R1_PIM_SCAN_01 555072 -4e-04 1 0.5148 0.5274 0.2183 0.1049 0.0331 0.012 0.0019 7e-04
SW620_24h_12Glc_R2_PIM_SCAN_01 951424 -3e-04 1 0.4795 0.2539 0.0818 0.0235 0.0053 0.0015 2e-04 0
SW620_24h_12Glc_R3_PIM_SCAN_01 922880 -0.0011 1 0.5339 0.5677 0.2313 0.1132 0.0381 0.012 0.0035 9e-04
SW620_24h_cold_R2_PIM_SCAN_01 1065472 -7e-04 1 0.4853 0.2621 0.0798 0.0219 0.0055 8e-04 2e-04 0
SW620_24h_UGln_R1_PIM_SCAN_01 491712 -5e-04 1 0.565 0.5424 0.3195 0.8179 0.4041 0.2155 0.0675 0.0214
SW620_24h_UGln_R2_PIM_SCAN_01 371392 -1e-04 1 0.5883 0.5565 0.3267 0.8183 0.4086 0.2018 0.0675 0.025
SW620_24h_UGln_R3_PIM_SCAN_01 647424 -9e-04 1 0.5781 0.5299 0.3207 0.7667 0.3822 0.1944 0.0637 0.0215
SW620_6h_12Glc_R1_PIM_SCAN_01 208000 -2e-04 1 0.516 0.4512 0.1716 0.0733 0.0238 0.0063 0.0019 0
SW620_6h_12Glc_R2_PIM_SCAN_01 236224 0.0019 1 0.5075 0.4427 0.1715 0.0721 0.0231 0.0083 0.002 1e-04
SW620_6h_12Glc_R3_PIM_SCAN_01 227456 1e-04 1 0.5157 0.4389 0.1643 0.0704 0.021 0.0076 0.0014 -1e-04
SW620_6h_UGln_R1_PIM_SCAN_01 123496 0.0045 1 0.5317 0.4435 0.3065 0.8599 0.4844 0.2675 0.0924 0.0311
SW620_6h_UGln_R2_PIM_SCAN_01 77744 0 1 0.5514 0.4387 0.3317 0.8387 0.4816 0.2875 0.0847 0.0344
SW620_6h_UGln_R3_PIM_SCAN_01 100288 0.0042 1 0.5144 0.4476 0.282 0.6876 0.4195 0.2284 0.0822 0.027
