###	RAMID version 1.0: 7e5b4013a643c4a6b2ff63cfd722a126 2021-09-08 14:03:09 	***

SW620_24h_12Glc_R1_PIM_SCAN_01
RT(min): 28.787 c: 28.787
max_peak: 32424 c: 34776
mz: 377.2 378.2 379.2 380.2 381.2 382.2
5_timepoints: 285.8 28409.6 10175.8 5166.2 1765.2 376.4
base: 43 498 170 116 93 167
SW620_24h_12Glc_R2_PIM_SCAN_01
RT(min): 28.794 c: 28.794
max_peak: 33032 c: 37416
mz: 377.2 378.2 379.2 380.2 381.2 382.2
5_timepoints: 202.2 28865.6 9847.8 6044.8 1959.8 758.6
base: 44 987 243 178 148 254
SW620_24h_12Glc_R3_PIM_SCAN_01
RT(min): 28.775 c: 28.775
max_peak: 48224 c: 58440
mz: 377.2 378.2 379.2 380.2 381.2 382.2
5_timepoints: 109.8 44736 14714.6 8108.2 2820.6 497.2
base: 219 1335 525 325 225 182
SW620_24h_cold_R2_PIM_SCAN_01
RT(min): 28.781 c: 28.781
max_peak: 43776 c: 48616
mz: 377.2 378.2 379.2 380.2 381.2 382.2
5_timepoints: 0 40462.4 13064.6 7854.4 2089.2 598
base: 161 1331 537 270 176 242
SW620_24h_UGln_R1_PIM_SCAN_01
RT(min): 28.787 c: 28.787
max_peak: 39376 c: 46704
mz: 377.2 378.2 379.2 380.2 381.2 382.2
5_timepoints: 301 36008 11505.4 6548.8 1723.4 416.8
base: 147 1564 508 277 191 183
SW620_24h_UGln_R2_PIM_SCAN_01
RT(min): 28.769 c: 28.769
max_peak: 31056 c: 28952
mz: 377.2 378.2 379.2 380.2 381.2 382.2
5_timepoints: 58.6 24152 8266.8 5239.6 1610.2 643.4
base: 178 774 285 191 63 235
SW620_24h_UGln_R3_PIM_SCAN_01
RT(min): 28.762 c: 28.762
max_peak: 74544 c: 87240
mz: 377.2 378.2 379.2 380.2 381.2 382.2
5_timepoints: 197.4 68081.6 23272 13186.2 3982.6 1175.4
base: 366 1533 654 370 142 379
SW620_6h_12Glc_R1_PIM_SCAN_01
RT(min): 28.8 c: 28.8
max_peak: 15872 c: 16042
mz: 377.2 378.2 379.2 380.2 381.2 382.2
5_timepoints: 98.4 12844.8 3838.2 2829.4 821.2 312.2
base: 102 434 125 86 52 67
SW620_6h_12Glc_R2_PIM_SCAN_01
RT(min): 28.806 c: 28.806
max_peak: 14262 c: 13011
mz: 377.2 378.2 379.2 380.2 381.2 382.2
5_timepoints: 222 12441.4 3525.2 2062.4 737.6 514.6
base: 34 166 74 48 58 58
SW620_6h_12Glc_R3_PIM_SCAN_01
RT(min): 28.787 c: 28.787
max_peak: 29656 c: 30464
mz: 377.2 378.2 379.2 380.2 381.2 382.2
5_timepoints: 46 27537.6 9107.2 6378 1496.8 586.2
base: 84 474 213 80 82 147
SW620_6h_UGln_R1_PIM_SCAN_01
RT(min): 28.8 c: 28.8
max_peak: 25216 c: 24584
mz: 377.2 378.2 379.2 380.2 381.2 382.2
5_timepoints: 0 22929.6 7993.8 4798.2 1246 282.2
base: 20 405 183 47 68 88
SW620_6h_UGln_R2_PIM_SCAN_01
RT(min): 28.793 c: 28.793
max_peak: 17976 c: 17648
mz: 377.2 378.2 379.2 380.2 381.2 382.2
5_timepoints: 237.4 15528 4978.8 3269.4 1009.6 261.8
base: 33 221 120 58 41 75
SW620_6h_UGln_R3_PIM_SCAN_01
RT(min): 28.806 c: 28.806
max_peak: 14892 c: 16140
mz: 377.2 378.2 379.2 380.2 381.2 382.2
5_timepoints: 213.4 12521.2 4120 2411 812.4 165.6
base: 24 150 23 27 34 43


absolute_values,CDF_file: Max 377.2 378.2 379.2 380.2 381.2 382.2
SW620_24h_12Glc_R1_PIM_SCAN_01 32424 243 27911 10006 5050 1672 209
SW620_24h_12Glc_R2_PIM_SCAN_01 33032 158 27879 9605 5867 1812 504
SW620_24h_12Glc_R3_PIM_SCAN_01 48224 -110 43401 14189 7783 2596 315
SW620_24h_cold_R2_PIM_SCAN_01 43776 -161 39131 12527 7584 1913 356
SW620_24h_UGln_R1_PIM_SCAN_01 39376 154 34444 10997 6271 1533 234
SW620_24h_UGln_R2_PIM_SCAN_01 31056 -119 23378 7982 5049 1547 408
SW620_24h_UGln_R3_PIM_SCAN_01 74544 -169 66549 22618 12816 3841 797
SW620_6h_12Glc_R1_PIM_SCAN_01 15872 -3 12411 3713 2744 769 245
SW620_6h_12Glc_R2_PIM_SCAN_01 14262 188 12275 3451 2014 680 457
SW620_6h_12Glc_R3_PIM_SCAN_01 29656 -38 27063 8894 6298 1414 440
SW620_6h_UGln_R1_PIM_SCAN_01 25216 -20 22524 7811 4751 1178 194
SW620_6h_UGln_R2_PIM_SCAN_01 17976 204 15307 4859 3211 969 187
SW620_6h_UGln_R3_PIM_SCAN_01 14892 190 12371 4097 2384 778 122
END


relative_values,CDF_file: Max 377.2 378.2 379.2 380.2 381.2 382.2
SW620_24h_12Glc_R1_PIM_SCAN_01 32424 0.0087 1 0.3585 0.1809 0.0599 0.0075
SW620_24h_12Glc_R2_PIM_SCAN_01 33032 0.0057 1 0.3445 0.2104 0.065 0.0181
SW620_24h_12Glc_R3_PIM_SCAN_01 48224 -0.0025 1 0.3269 0.1793 0.0598 0.0073
SW620_24h_cold_R2_PIM_SCAN_01 43776 -0.0041 1 0.3201 0.1938 0.0489 0.0091
SW620_24h_UGln_R1_PIM_SCAN_01 39376 0.0045 1 0.3193 0.1821 0.0445 0.0068
SW620_24h_UGln_R2_PIM_SCAN_01 31056 -0.0051 1 0.3414 0.216 0.0662 0.0175
SW620_24h_UGln_R3_PIM_SCAN_01 74544 -0.0025 1 0.3399 0.1926 0.0577 0.012
SW620_6h_12Glc_R1_PIM_SCAN_01 15872 -2e-04 1 0.2992 0.2211 0.062 0.0197
SW620_6h_12Glc_R2_PIM_SCAN_01 14262 0.0153 1 0.2811 0.1641 0.0554 0.0372
SW620_6h_12Glc_R3_PIM_SCAN_01 29656 -0.0014 1 0.3286 0.2327 0.0522 0.0163
SW620_6h_UGln_R1_PIM_SCAN_01 25216 -9e-04 1 0.3468 0.2109 0.0523 0.0086
SW620_6h_UGln_R2_PIM_SCAN_01 17976 0.0133 1 0.3174 0.2098 0.0633 0.0122
SW620_6h_UGln_R3_PIM_SCAN_01 14892 0.0154 1 0.3312 0.1927 0.0629 0.0099
