###	RAMID version 1.0: 7e5b4013a643c4a6b2ff63cfd722a126 2021-09-08 14:03:09 	***

SW620_24h_12Glc_R1_PIM_SCAN_01
RT(min): 28.806 c: 28.806
max_peak: 36240 c: 25680
mz: 405.2 406.2 407.2 408.2 409.2 410.2 411.2
5_timepoints: 324.6 31460.8 12071.6 5878.6 2509 824 347.4
base: 130 345 522 168 2581 921 481
SW620_24h_12Glc_R2_PIM_SCAN_01
RT(min): 28.775 c: 28.775
max_peak: 39688 c: 26752
mz: 405.2 406.2 407.2 408.2 409.2 410.2 411.2
5_timepoints: 327 33228.8 11761.6 7477 3394 1158.8 369.4
base: 93 189 630 273 4152 1219 570
SW620_24h_12Glc_R3_PIM_SCAN_01
RT(min): 28.781 c: 28.781
max_peak: 59728 c: 46272
mz: 405.2 406.2 407.2 408.2 409.2 410.2 411.2
5_timepoints: 432.8 57134.4 20728 11592 3991.6 1252 347.6
base: 107 844 1325 673 4326 1509 883
SW620_24h_cold_R2_PIM_SCAN_01
RT(min): 28.775 c: 28.775
max_peak: 52360 c: 38464
mz: 405.2 406.2 407.2 408.2 409.2 410.2 411.2
5_timepoints: 0 47668.8 16401.8 10433.8 3853 1180 281.2
base: 97 569 995 427 3708 1158 536
SW620_24h_UGln_R1_PIM_SCAN_01
RT(min): 28.775 c: 28.775
max_peak: 49024 c: 38240
mz: 405.2 406.2 407.2 408.2 409.2 410.2 411.2
5_timepoints: 307.2 45612.8 14849.6 8781.4 3053.8 1055.2 264.2
base: 101 475 982 333 2103 788 476
SW620_24h_UGln_R2_PIM_SCAN_01
RT(min): 28.775 c: 28.775
max_peak: 31224 c: 22192
mz: 405.2 406.2 407.2 408.2 409.2 410.2 411.2
5_timepoints: 366.4 29492.8 11663 6806.2 2128.4 624.8 380.2
base: 112 468 539 235 2154 759 435
SW620_24h_UGln_R3_PIM_SCAN_01
RT(min): 28.781 c: 28.781
max_peak: 96688 c: 71176
mz: 405.2 406.2 407.2 408.2 409.2 410.2 411.2
5_timepoints: 421.8 86038.4 27811.2 16698 4292.4 1132 289.8
base: 135 1900 1583 847 2898 1026 469
SW620_6h_12Glc_R1_PIM_SCAN_01
RT(min): 28.8 c: 28.8
max_peak: 16042 c: 15872
mz: 405.2 406.2 407.2 408.2 409.2 410.2 411.2
5_timepoints: 20.6 14624.6 5065.8 2587.8 1660.4 515.4 124.2
base: 39 212 248 100 1423 489 247
SW620_6h_12Glc_R2_PIM_SCAN_01
RT(min): 28.8 c: 28.8
max_peak: 15760 c: 12397
mz: 405.2 406.2 407.2 408.2 409.2 410.2 411.2
5_timepoints: 61 13142.8 5194.2 3072.2 1829.8 649.2 105.2
base: 64 270 240 97 1420 410 173
SW620_6h_12Glc_R3_PIM_SCAN_01
RT(min): 28.781 c: 28.781
max_peak: 32648 c: 26736
mz: 405.2 406.2 407.2 408.2 409.2 410.2 411.2
5_timepoints: 113.8 30244.8 11075.8 6585.4 2295.8 740.6 157.8
base: 31 211 255 148 1332 446 183
SW620_6h_UGln_R1_PIM_SCAN_01
RT(min): 28.794 c: 28.794
max_peak: 32992 c: 22464
mz: 405.2 406.2 407.2 408.2 409.2 410.2 411.2
5_timepoints: 286.4 28643.2 10253.4 5643.2 2070 617.4 188.2
base: 79 337 276 70 789 194 96
SW620_6h_UGln_R2_PIM_SCAN_01
RT(min): 28.8 c: 28.8
max_peak: 20000 c: 15682
mz: 405.2 406.2 407.2 408.2 409.2 410.2 411.2
5_timepoints: 305.8 16789 5943.8 3554 1144.4 398.4 130
base: 70 253 229 56 397 163 44
SW620_6h_UGln_R3_PIM_SCAN_01
RT(min): 28.812 c: 28.812
max_peak: 16608 c: 12420
mz: 405.2 406.2 407.2 408.2 409.2 410.2 411.2
5_timepoints: 141 13299 4311.6 2965.8 1173.2 425.8 51.8
base: 70 104 139 35 570 217 52


absolute_values,CDF_file: Max 405.2 406.2 407.2 408.2 409.2 410.2 411.2
SW620_24h_12Glc_R1_PIM_SCAN_01 36240 194 31116 11549 5710 -72 -97 -133
SW620_24h_12Glc_R2_PIM_SCAN_01 39688 234 33040 11132 7204 -758 -60 -200
SW620_24h_12Glc_R3_PIM_SCAN_01 59728 325 56291 19403 10919 -334 -257 -535
SW620_24h_cold_R2_PIM_SCAN_01 52360 -97 47100 15406 10007 145 22 -255
SW620_24h_UGln_R1_PIM_SCAN_01 49024 206 45138 13868 8448 951 268 -212
SW620_24h_UGln_R2_PIM_SCAN_01 31224 254 29025 11124 6572 -26 -134 -55
SW620_24h_UGln_R3_PIM_SCAN_01 96688 287 84139 26228 15851 1395 106 -179
SW620_6h_12Glc_R1_PIM_SCAN_01 16042 -19 14412 4818 2488 238 26 -122
SW620_6h_12Glc_R2_PIM_SCAN_01 15760 -3 12872 4954 2975 410 239 -68
SW620_6h_12Glc_R3_PIM_SCAN_01 32648 83 30034 10821 6438 964 295 -26
SW620_6h_UGln_R1_PIM_SCAN_01 32992 208 28306 9977 5573 1281 423 93
SW620_6h_UGln_R2_PIM_SCAN_01 20000 236 16536 5715 3498 748 236 86
SW620_6h_UGln_R3_PIM_SCAN_01 16608 71 13195 4172 2930 603 209 0
END


relative_values,CDF_file: Max 405.2 406.2 407.2 408.2 409.2 410.2 411.2
SW620_24h_12Glc_R1_PIM_SCAN_01 36240 0.0062 1 0.3712 0.1835 -0.0023 -0.0031 -0.0043
SW620_24h_12Glc_R2_PIM_SCAN_01 39688 0.0071 1 0.3369 0.218 -0.0229 -0.0018 -0.0061
SW620_24h_12Glc_R3_PIM_SCAN_01 59728 0.0058 1 0.3447 0.194 -0.0059 -0.0046 -0.0095
SW620_24h_cold_R2_PIM_SCAN_01 52360 -0.0021 1 0.3271 0.2125 0.0031 5e-04 -0.0054
SW620_24h_UGln_R1_PIM_SCAN_01 49024 0.0046 1 0.3072 0.1872 0.0211 0.0059 -0.0047
SW620_24h_UGln_R2_PIM_SCAN_01 31224 0.0088 1 0.3833 0.2264 -9e-04 -0.0046 -0.0019
SW620_24h_UGln_R3_PIM_SCAN_01 96688 0.0034 1 0.3117 0.1884 0.0166 0.0013 -0.0021
SW620_6h_12Glc_R1_PIM_SCAN_01 16042 -0.0013 1 0.3343 0.1726 0.0165 0.0018 -0.0085
SW620_6h_12Glc_R2_PIM_SCAN_01 15760 -2e-04 1 0.3849 0.2311 0.0319 0.0186 -0.0053
SW620_6h_12Glc_R3_PIM_SCAN_01 32648 0.0028 1 0.3603 0.2144 0.0321 0.0098 -9e-04
SW620_6h_UGln_R1_PIM_SCAN_01 32992 0.0073 1 0.3525 0.1969 0.0453 0.0149 0.0033
SW620_6h_UGln_R2_PIM_SCAN_01 20000 0.0143 1 0.3456 0.2115 0.0452 0.0143 0.0052
SW620_6h_UGln_R3_PIM_SCAN_01 16608 0.0054 1 0.3162 0.2221 0.0457 0.0158 0
