###	RAMID version 1.0: 7e5b4013a643c4a6b2ff63cfd722a126 2021-09-08 14:03:09 	***

SW620_24h_12Glc_R1_PIM_SCAN_01
RT(min): 17.177 c: 17.177
max_peak: 126456 c: 2954
mz: 286.1 287.1 288.1 289.1 290.1 291.1 292.1 293.1
5_timepoints: 1002 120483.2 31078.4 21158.4 6119 2094.2 507.6 178.6
base: 686 939 747 2799 2519 1130 356 131
SW620_24h_12Glc_R2_PIM_SCAN_01
RT(min): 17.171 c: 17.171
max_peak: 167232 c: 4549
mz: 286.1 287.1 288.1 289.1 290.1 291.1 292.1 293.1
5_timepoints: 163.8 160627.2 37558.4 16903.2 4887.6 1796.4 389.6 179.4
base: 713 2887 1155 2433 2826 1117 325 70
SW620_24h_12Glc_R3_PIM_SCAN_01
RT(min): 17.115 c: 17.115
max_peak: 431616 c: 8623
mz: 286.1 287.1 288.1 289.1 290.1 291.1 292.1 293.1
5_timepoints: 1344.2 397760 104169.6 66016 17110 5172 1331.6 349.6
base: 643 1400 825 2691 2549 1560 591 188
SW620_24h_cold_R2_PIM_SCAN_01
RT(min): 17.146 c: 17.146
max_peak: 199616 c: 2824
mz: 286.1 287.1 288.1 289.1 290.1 291.1 292.1 293.1
5_timepoints: 2725.6 185497.6 46977.6 20177.6 5135.2 1623.6 436.8 150.8
base: 1601 3954 1852 2466 2403 1098 319 76
SW620_24h_UGln_R1_PIM_SCAN_01
RT(min): 17.127 c: 17.127
max_peak: 129680 c: 2758
mz: 286.1 287.1 288.1 289.1 290.1 291.1 292.1 293.1
5_timepoints: 2290.8 118600 39817.6 41334.4 22078.4 95526.4 16793.8 8956.8
base: 1734 1114 840 1598 2710 1787 644 1013
SW620_24h_UGln_R2_PIM_SCAN_01
RT(min): 17.14 c: 17.14
max_peak: 114520 c: 5024
mz: 286.1 287.1 288.1 289.1 290.1 291.1 292.1 293.1
5_timepoints: 2087.6 108396.8 36651.2 37120 20171.2 87044.8 18163.2 7859.6
base: 1783 1899 1158 1793 2378 2512 836 1239
SW620_24h_UGln_R3_PIM_SCAN_01
RT(min): 17.121 c: 17.121
max_peak: 177600 c: 3856
mz: 286.1 287.1 288.1 289.1 290.1 291.1 292.1 293.1
5_timepoints: 3509.2 166617.6 55300.8 58736 31480 134899.2 28504 12792.4
base: 2528 2010 1312 1628 3005 2842 912 1141
SW620_6h_12Glc_R1_PIM_SCAN_01
RT(min): 17.265 c: 17.265
max_peak: 36376 c: 598
mz: 286.1 287.1 288.1 289.1 290.1 291.1 292.1 293.1
5_timepoints: 235 31715.2 7768.6 4925 2226.4 443.4 153.4 21.6
base: 529 2886 1070 2732 1766 799 186 52
SW620_6h_12Glc_R2_PIM_SCAN_01
RT(min): 17.252 c: 17.252
max_peak: 36752 c: 526
mz: 286.1 287.1 288.1 289.1 290.1 291.1 292.1 293.1
5_timepoints: 381.8 33689.6 8555.2 4775.6 1843.4 646.4 266 155.4
base: 423 1194 661 2388 1596 801 227 76
SW620_6h_12Glc_R3_PIM_SCAN_01
RT(min): 17.215 c: 17.215
max_peak: 42296 c: 642
mz: 286.1 287.1 288.1 289.1 290.1 291.1 292.1 293.1
5_timepoints: 567 37940.8 10721.8 5675.4 2002.6 952.6 142.2 74
base: 428 339 499 2604 1679 870 201 58
SW620_6h_UGln_R1_PIM_SCAN_01
RT(min): 17.221 c: 17.221
max_peak: 26776 c: 495
mz: 286.1 287.1 288.1 289.1 290.1 291.1 292.1 293.1
5_timepoints: 622.6 22835.2 7149.2 6070.2 4812.6 19283.2 3623.2 2256
base: 720 453 543 1651 1478 1072 317 1113
SW620_6h_UGln_R2_PIM_SCAN_01
RT(min): 17.277 c: 17.277
max_peak: 19008 c: 1111
mz: 286.1 287.1 288.1 289.1 290.1 291.1 292.1 293.1
5_timepoints: 319.4 17069.8 4974.8 5292.2 4183.2 14819.8 3217.8 2327.2
base: 654 1739 890 1841 1442 2046 649 1318
SW620_6h_UGln_R3_PIM_SCAN_01
RT(min): 17.303 c: 17.303
max_peak: 13673 c: 1098
mz: 286.1 287.1 288.1 289.1 290.1 291.1 292.1 293.1
5_timepoints: 517.4 11260.8 3211.6 3626.6 2705.2 8110 1887 1358.8
base: 878 291 562 1742 1361 800 240 1163


absolute_values,CDF_file: Max 286.1 287.1 288.1 289.1 290.1 291.1 292.1 293.1
SW620_24h_12Glc_R1_PIM_SCAN_01 126456 316 119544 30331 18359 3600 964 152 47
SW620_24h_12Glc_R2_PIM_SCAN_01 167232 -549 157740 36403 14471 2062 679 65 110
SW620_24h_12Glc_R3_PIM_SCAN_01 431616 702 396360 103345 63325 14561 3612 741 162
SW620_24h_cold_R2_PIM_SCAN_01 199616 1124 181544 45126 17712 2733 526 118 75
SW620_24h_UGln_R1_PIM_SCAN_01 129680 557 117486 38978 39736 19369 93740 16150 7944
SW620_24h_UGln_R2_PIM_SCAN_01 114520 305 106497 35493 35327 17794 84533 17328 6621
SW620_24h_UGln_R3_PIM_SCAN_01 177600 982 164608 53989 57108 28475 132057 27592 11651
SW620_6h_12Glc_R1_PIM_SCAN_01 36376 -294 28830 6699 2193 460 -356 -33 -31
SW620_6h_12Glc_R2_PIM_SCAN_01 36752 -41 32495 7894 2388 247 -154 39 79
SW620_6h_12Glc_R3_PIM_SCAN_01 42296 139 37602 10223 3071 323 83 -59 16
SW620_6h_UGln_R1_PIM_SCAN_01 26776 -98 22382 6606 4419 3335 18211 3307 1143
SW620_6h_UGln_R2_PIM_SCAN_01 19008 -334 15330 4085 3451 2742 12774 2569 1010
SW620_6h_UGln_R3_PIM_SCAN_01 13673 -360 10970 2649 1884 1344 7310 1647 196
END


relative_values,CDF_file: Max 286.1 287.1 288.1 289.1 290.1 291.1 292.1 293.1
SW620_24h_12Glc_R1_PIM_SCAN_01 126456 0.0026 1 0.2537 0.1536 0.0301 0.0081 0.0013 4e-04
SW620_24h_12Glc_R2_PIM_SCAN_01 167232 -0.0035 1 0.2308 0.0917 0.0131 0.0043 4e-04 7e-04
SW620_24h_12Glc_R3_PIM_SCAN_01 431616 0.0018 1 0.2607 0.1598 0.0367 0.0091 0.0019 4e-04
SW620_24h_cold_R2_PIM_SCAN_01 199616 0.0062 1 0.2486 0.0976 0.0151 0.0029 6e-04 4e-04
SW620_24h_UGln_R1_PIM_SCAN_01 129680 0.0047 1 0.3318 0.3382 0.1649 0.7979 0.1375 0.0676
SW620_24h_UGln_R2_PIM_SCAN_01 114520 0.0029 1 0.3333 0.3317 0.1671 0.7938 0.1627 0.0622
SW620_24h_UGln_R3_PIM_SCAN_01 177600 0.006 1 0.328 0.3469 0.173 0.8023 0.1676 0.0708
SW620_6h_12Glc_R1_PIM_SCAN_01 36376 -0.0102 1 0.2324 0.0761 0.016 -0.0123 -0.0011 -0.0011
SW620_6h_12Glc_R2_PIM_SCAN_01 36752 -0.0013 1 0.2429 0.0735 0.0076 -0.0047 0.0012 0.0024
SW620_6h_12Glc_R3_PIM_SCAN_01 42296 0.0037 1 0.2719 0.0817 0.0086 0.0022 -0.0016 4e-04
SW620_6h_UGln_R1_PIM_SCAN_01 26776 -0.0044 1 0.2951 0.1974 0.149 0.8136 0.1478 0.0511
SW620_6h_UGln_R2_PIM_SCAN_01 19008 -0.0218 1 0.2665 0.2251 0.1789 0.8333 0.1676 0.0659
SW620_6h_UGln_R3_PIM_SCAN_01 13673 -0.0328 1 0.2415 0.1717 0.1225 0.6664 0.1501 0.0179
