###	RAMID version 1.0: 7e5b4013a643c4a6b2ff63cfd722a126 2021-09-08 14:03:09 	***

SW620_24h_12Glc_R1_PIM_SCAN_01
RT(min): 30.927 c: 30.927
**** !?MAX_PEAK: 8388096 c: 386816
mz: 431.3 432.3 433.3 434.3 435.3 436.3 437.3 438.3 439.3
5_timepoints: 0 6675968 3374284.8 2138931.2 625830.4 220185.6 53081.6 12792.4 2067.8
base: 199 60143 92899 1279413 473036 220669 53451 11709 1955
SW620_24h_12Glc_R2_PIM_SCAN_01
RT(min): 30.92 c: 30.92
**** !?MAX_PEAK: 8388096 c: 391168
mz: 431.3 432.3 433.3 434.3 435.3 436.3 437.3 438.3 439.3
5_timepoints: 0 7087872 3414323.2 1607168 393971.2 97084.8 16735.6 2771.8 312.6
base: 235 63767 142741 1264888 464626 203373 48351 12349 2072
SW620_24h_12Glc_R3_PIM_SCAN_01
RT(min): 30.933 c: 30.933
**** !?MAX_PEAK: 8388096 c: 415360
mz: 431.3 432.3 433.3 434.3 435.3 436.3 437.3 438.3 439.3
5_timepoints: 0 6440448 3728384 2452172.8 728115.2 255206.4 59273.6 14917.8 3525
base: 301 78712 67188 1503328 564074 253693 61899 14691 2688
SW620_24h_cold_R2_PIM_SCAN_01
RT(min): 30.914 c: 30.914
**** !?MAX_PEAK: 8388096 c: 416832
mz: 431.3 432.3 433.3 434.3 435.3 436.3 437.3 438.3 439.3
5_timepoints: 0 7325952 3616358.4 1701376 421299.2 100980.8 18723.2 3572 690.6
base: 336 53086 79322 1436240 512136 227447 56411 13466 2444
SW620_24h_UGln_R1_PIM_SCAN_01
RT(min): 30.97 c: 30.97
**** !?MAX_PEAK: 8349184 c: 351936
mz: 431.3 432.3 433.3 434.3 435.3 436.3 437.3 438.3 439.3
5_timepoints: 0 7944960 3326566.4 1927168 2183475.2 958771.2 6594662.4 1992806.4 911808
base: 311 17427 5640 1315283 570323 253650 83280 22270 6308
SW620_24h_UGln_R2_PIM_SCAN_01
RT(min): 30.945 c: 30.945
max_peak: 7036416 c: 300928
mz: 431.3 432.3 433.3 434.3 435.3 436.3 437.3 438.3 439.3
5_timepoints: 0 6635929.6 2738073.6 1593036.8 1872179.2 820147.2 5659238.4 1739571.2 807936
base: 206 94452 41358 1297021 529507 239142 189653 57569 24586
SW620_24h_UGln_R3_PIM_SCAN_01
RT(min): 30.983 c: 30.983
**** !?MAX_PEAK: 8388096 c: 365184
mz: 431.3 432.3 433.3 434.3 435.3 436.3 437.3 438.3 439.3
5_timepoints: 0 7854592 3685785.6 2130534.4 2511462.4 1117286.4 7685120 2372198.4 1090969.6
base: 371 9125 828 1578958 689104 318025 85890 20711 4122
SW620_6h_12Glc_R1_PIM_SCAN_01
RT(min): 30.939 c: 30.939
**** !?MAX_PEAK: 8032256 c: 345984
mz: 431.3 432.3 433.3 434.3 435.3 436.3 437.3 438.3 439.3
5_timepoints: 0 7951616 2854912 1510604.8 388057.6 108537.6 20747.2 4373 919.4
base: 219 104952 40660 1158687 429739 195240 47733 10028 2019
SW620_6h_12Glc_R2_PIM_SCAN_01
RT(min): 30.939 c: 30.939
**** !?MAX_PEAK: 8150528 c: 351872
mz: 431.3 432.3 433.3 434.3 435.3 436.3 437.3 438.3 439.3
5_timepoints: 0 7638784 2846310.4 1511628.8 386854.4 108720 21489.6 4279.2 876.4
base: 270 86717 31764 1207821 451305 202783 48007 11715 2053
SW620_6h_12Glc_R3_PIM_SCAN_01
RT(min): 30.939 c: 30.939
**** !?MAX_PEAK: 8388096 c: 379648
mz: 431.3 432.3 433.3 434.3 435.3 436.3 437.3 438.3 439.3
5_timepoints: 0 7892480 3116339.2 1651609.6 425638.4 121091.2 22084.8 4752 903.2
base: 325 82196 32106 1291230 480757 215933 53338 11810 1945
SW620_6h_UGln_R1_PIM_SCAN_01
RT(min): 30.939 c: 30.939
max_peak: 4677632 c: 197184
mz: 431.3 432.3 433.3 434.3 435.3 436.3 437.3 438.3 439.3
5_timepoints: 0 4282675.2 1629286.4 890521.6 845401.6 436928 4351692.8 1322291.2 628313.6
base: 195 39527 15102 1270472 484457 218513 116333 32564 12947
SW620_6h_UGln_R2_PIM_SCAN_01
RT(min): 30.92 c: 30.92
max_peak: 2911232 c: 128376
mz: 431.3 432.3 433.3 434.3 435.3 436.3 437.3 438.3 439.3
5_timepoints: 0 2628915.2 1019161.6 548748.8 518540.8 264499.2 2629836.8 790400 373478.4
base: 184 27333 40996 1046747 414451 196361 87531 24747 8745
SW620_6h_UGln_R3_PIM_SCAN_01
RT(min): 30.927 c: 30.927
max_peak: 3578880 c: 154432
mz: 431.3 432.3 433.3 434.3 435.3 436.3 437.3 438.3 439.3
5_timepoints: 0 3360358.4 1265868.8 694425.6 626611.2 323750.4 3132416 965132.8 454758.4
base: 83 27729 44423 1184298 463070 214010 90109 24796 8717


absolute_values,CDF_file: Max 431.3 432.3 433.3 434.3 435.3 436.3 437.3 438.3 439.3
SW620_24h_12Glc_R1_PIM_SCAN_01 8388096 -199 6615825 3281386 859518 152795 -483 -369 1083 113
SW620_24h_12Glc_R2_PIM_SCAN_01 8388096 -235 7024105 3271582 342280 -70655 -106288 -31615 -9578 -1760
SW620_24h_12Glc_R3_PIM_SCAN_01 8388096 -301 6361736 3661196 948845 164042 1514 -2626 227 837
SW620_24h_cold_R2_PIM_SCAN_01 8388096 -336 7272866 3537036 265136 -90837 -126466 -37688 -9894 -1754
SW620_24h_UGln_R1_PIM_SCAN_01 8349184 -311 7927533 3320927 611885 1613152 705121 6511382 1970537 905500
SW620_24h_UGln_R2_PIM_SCAN_01 7036416 -206 6541478 2696715 296016 1342672 581006 5469586 1682002 783350
SW620_24h_UGln_R3_PIM_SCAN_01 8388096 -371 7845467 3684958 551577 1822359 799261 7599230 2351488 1086848
SW620_6h_12Glc_R1_PIM_SCAN_01 8032256 -219 7846664 2814252 351918 -41681 -86702 -26986 -5655 -1100
SW620_6h_12Glc_R2_PIM_SCAN_01 8150528 -270 7552067 2814547 303808 -64450 -94063 -26517 -7436 -1177
SW620_6h_12Glc_R3_PIM_SCAN_01 8388096 -325 7810284 3084233 360380 -55119 -94842 -31254 -7058 -1042
SW620_6h_UGln_R1_PIM_SCAN_01 4677632 -195 4243148 1614185 -379951 360944 218415 4235359 1289727 615367
SW620_6h_UGln_R2_PIM_SCAN_01 2911232 -184 2601582 978165 -497998 104089 68138 2542305 765653 364734
SW620_6h_UGln_R3_PIM_SCAN_01 3578880 -83 3332629 1221446 -489872 163541 109740 3042307 940336 446041
END


relative_values,CDF_file: Max 431.3 432.3 433.3 434.3 435.3 436.3 437.3 438.3 439.3
SW620_24h_12Glc_R1_PIM_SCAN_01 8388096 0 1 0.496 0.1299 0.0231 -1e-04 -1e-04 2e-04 0
SW620_24h_12Glc_R2_PIM_SCAN_01 8388096 0 1 0.4658 0.0487 -0.0101 -0.0151 -0.0045 -0.0014 -3e-04
SW620_24h_12Glc_R3_PIM_SCAN_01 8388096 0 1 0.5755 0.1491 0.0258 2e-04 -4e-04 0 1e-04
SW620_24h_cold_R2_PIM_SCAN_01 8388096 0 1 0.4863 0.0365 -0.0125 -0.0174 -0.0052 -0.0014 -2e-04
SW620_24h_UGln_R1_PIM_SCAN_01 8349184 0 1 0.4189 0.0772 0.2035 0.0889 0.8214 0.2486 0.1142
SW620_24h_UGln_R2_PIM_SCAN_01 7036416 0 1 0.4122 0.0453 0.2053 0.0888 0.8361 0.2571 0.1198
SW620_24h_UGln_R3_PIM_SCAN_01 8388096 0 1 0.4697 0.0703 0.2323 0.1019 0.9686 0.2997 0.1385
SW620_6h_12Glc_R1_PIM_SCAN_01 8032256 0 1 0.3587 0.0448 -0.0053 -0.011 -0.0034 -7e-04 -1e-04
SW620_6h_12Glc_R2_PIM_SCAN_01 8150528 0 1 0.3727 0.0402 -0.0085 -0.0125 -0.0035 -0.001 -2e-04
SW620_6h_12Glc_R3_PIM_SCAN_01 8388096 0 1 0.3949 0.0461 -0.0071 -0.0121 -0.004 -9e-04 -1e-04
SW620_6h_UGln_R1_PIM_SCAN_01 4677632 0 1 0.3804 -0.0895 0.0851 0.0515 0.9982 0.304 0.145
SW620_6h_UGln_R2_PIM_SCAN_01 2911232 -1e-04 1 0.376 -0.1914 0.04 0.0262 0.9772 0.2943 0.1402
SW620_6h_UGln_R3_PIM_SCAN_01 3578880 0 1 0.3665 -0.147 0.0491 0.0329 0.9129 0.2822 0.1338
