###	RAMID version 1.0: 7e5b4013a643c4a6b2ff63cfd722a126 2021-09-08 14:03:09 	***

SW620_24h_12Glc_R1_PIM_SCAN_01
RT(min): 12.236 c: 12.236
max_peak: 4131328 c: 3542528
mz: 217.1 218.1 219.1 220.1 221.1
5_timepoints: 0 3525222.4 763238.4 316966.4 50897.6
base: 12319 5808 2436 1349 7116
SW620_24h_12Glc_R2_PIM_SCAN_01
RT(min): 12.236 c: 12.236
max_peak: 5331968 c: 4454400
mz: 217.1 218.1 219.1 220.1 221.1
5_timepoints: 0 4455321.6 912601.6 386969.6 57408
base: 15778 6986 2469 1901 8897
SW620_24h_12Glc_R3_PIM_SCAN_01
RT(min): 12.236 c: 12.236
**** !?MAX_PEAK: 8388096 c: 7433216
mz: 217.1 218.1 219.1 220.1 221.1
5_timepoints: 0 7766016 1549312 643596.8 93556.8
base: 15027 7020 2562 1688 7552
SW620_24h_cold_R2_PIM_SCAN_01
RT(min): 12.236 c: 12.236
max_peak: 5496832 c: 4678656
mz: 217.1 218.1 219.1 220.1 221.1
5_timepoints: 0 4796620.8 976384 411596.8 60668.8
base: 11594 5691 2109 1477 7019
SW620_24h_UGln_R1_PIM_SCAN_01
RT(min): 12.236 c: 12.236
max_peak: 5439488 c: 4685824
mz: 217.1 218.1 219.1 220.1 221.1
5_timepoints: 0 4737331.2 975641.6 404070.4 60172.8
base: 13026 5426 2329 1235 7015
SW620_24h_UGln_R2_PIM_SCAN_01
RT(min): 12.236 c: 12.236
max_peak: 3402240 c: 2953216
mz: 217.1 218.1 219.1 220.1 221.1
5_timepoints: 0 2940108.8 607884.8 260480 42265.6
base: 15808 6981 2659 1716 9512
SW620_24h_UGln_R3_PIM_SCAN_01
RT(min): 12.23 c: 12.23
max_peak: 7065600 c: 6043136
mz: 217.1 218.1 219.1 220.1 221.1
5_timepoints: 0 5961932.8 1213849.6 520166.4 73715.2
base: 9640 6129 2215 1303 7204
SW620_6h_12Glc_R1_PIM_SCAN_01
RT(min): 12.248 c: 12.248
max_peak: 1760768 c: 1503232
mz: 217.1 218.1 219.1 220.1 221.1
5_timepoints: 0 1572864 325043.2 135312 21702.4
base: 11111 4205 1742 1068 6200
SW620_6h_12Glc_R2_PIM_SCAN_01
RT(min): 12.223 c: 12.223
**** !?MAX_PEAK: 8388096 c: 8293376
mz: 217.1 218.1 219.1 220.1 221.1
5_timepoints: 0 5588224 2136857.6 916377.6 134227.2
base: 12533 5697 2098 1221 5987
SW620_6h_12Glc_R3_PIM_SCAN_01
RT(min): 12.242 c: 12.242
max_peak: 2556928 c: 2132480
mz: 217.1 218.1 219.1 220.1 221.1
5_timepoints: 0 2203955.2 453056 193203.2 30588.8
base: 10467 4327 1850 1058 5631
SW620_6h_UGln_R1_PIM_SCAN_01
RT(min): 12.248 c: 12.248
max_peak: 1814016 c: 1490944
mz: 217.1 218.1 219.1 220.1 221.1
5_timepoints: 0 1551155.2 322035.2 134984 21272.4
base: 8520 3535 1515 847 5318
SW620_6h_UGln_R2_PIM_SCAN_01
RT(min): 12.261 c: 12.261
max_peak: 850624 c: 698944
mz: 217.1 218.1 219.1 220.1 221.1
5_timepoints: 0 766272 158732.8 67088 15365.2
base: 14751 4929 2382 1417 8048
SW620_6h_UGln_R3_PIM_SCAN_01
RT(min): 12.255 c: 12.255
max_peak: 1176576 c: 987264
mz: 217.1 218.1 219.1 220.1 221.1
5_timepoints: 0 1030246.4 211315.2 89812.8 18267.6
base: 13613 4817 2132 1355 6912


absolute_values,CDF_file: Max 217.1 218.1 219.1 220.1 221.1
SW620_24h_12Glc_R1_PIM_SCAN_01 4131328 -12319 3519414 760802 315618 43782
SW620_24h_12Glc_R2_PIM_SCAN_01 5331968 -15778 4448336 910132 385069 48511
SW620_24h_12Glc_R3_PIM_SCAN_01 8388096 -15027 7758996 1546750 641909 86005
SW620_24h_cold_R2_PIM_SCAN_01 5496832 -11594 4790930 974275 410119 53650
SW620_24h_UGln_R1_PIM_SCAN_01 5439488 -13026 4731905 973312 402835 53158
SW620_24h_UGln_R2_PIM_SCAN_01 3402240 -15808 2933128 605226 258764 32754
SW620_24h_UGln_R3_PIM_SCAN_01 7065600 -9640 5955804 1211635 518863 66511
SW620_6h_12Glc_R1_PIM_SCAN_01 1760768 -11111 1568659 323301 134244 15502
SW620_6h_12Glc_R2_PIM_SCAN_01 8388096 -12533 5582527 2134760 915157 128241
SW620_6h_12Glc_R3_PIM_SCAN_01 2556928 -10467 2199628 451206 192145 24958
SW620_6h_UGln_R1_PIM_SCAN_01 1814016 -8520 1547620 320521 134137 15954
SW620_6h_UGln_R2_PIM_SCAN_01 850624 -14751 761343 156351 65671 7317
SW620_6h_UGln_R3_PIM_SCAN_01 1176576 -13613 1025429 209183 88458 11356
END


relative_values,CDF_file: Max 217.1 218.1 219.1 220.1 221.1
SW620_24h_12Glc_R1_PIM_SCAN_01 4131328 -0.0035 1 0.2162 0.0897 0.0124
SW620_24h_12Glc_R2_PIM_SCAN_01 5331968 -0.0035 1 0.2046 0.0866 0.0109
SW620_24h_12Glc_R3_PIM_SCAN_01 8388096 -0.0019 1 0.1993 0.0827 0.0111
SW620_24h_cold_R2_PIM_SCAN_01 5496832 -0.0024 1 0.2034 0.0856 0.0112
SW620_24h_UGln_R1_PIM_SCAN_01 5439488 -0.0028 1 0.2057 0.0851 0.0112
SW620_24h_UGln_R2_PIM_SCAN_01 3402240 -0.0054 1 0.2063 0.0882 0.0112
SW620_24h_UGln_R3_PIM_SCAN_01 7065600 -0.0016 1 0.2034 0.0871 0.0112
SW620_6h_12Glc_R1_PIM_SCAN_01 1760768 -0.0071 1 0.2061 0.0856 0.0099
SW620_6h_12Glc_R2_PIM_SCAN_01 8388096 -0.0022 1 0.3824 0.1639 0.023
SW620_6h_12Glc_R3_PIM_SCAN_01 2556928 -0.0048 1 0.2051 0.0874 0.0113
SW620_6h_UGln_R1_PIM_SCAN_01 1814016 -0.0055 1 0.2071 0.0867 0.0103
SW620_6h_UGln_R2_PIM_SCAN_01 850624 -0.0194 1 0.2054 0.0863 0.0096
SW620_6h_UGln_R3_PIM_SCAN_01 1176576 -0.0133 1 0.204 0.0863 0.0111
