###	RAMID version 1.0: 7e5b4013a643c4a6b2ff63cfd722a126 2021-09-08 14:03:09 	***

SW620_24h_12Glc_R1_PIM_SCAN_01
RT(min): 12.236 c: 12.236
max_peak: 3542528 c: 4131328
mz: 245.1 246.1 247.1 248.1 249.1 250.1
5_timepoints: 0 2972672 673331.2 282380.8 45099.2 8050.6
base: 469 4511 6487 6101 4783 1508
SW620_24h_12Glc_R2_PIM_SCAN_01
RT(min): 12.242 c: 12.242
max_peak: 4496384 c: 5221888
mz: 245.1 246.1 247.1 248.1 249.1 250.1
5_timepoints: 0 3877888 832947.2 355737.6 52491.2 9189.6
base: 449 5260 7796 7097 4286 1175
SW620_24h_12Glc_R3_PIM_SCAN_01
RT(min): 12.236 c: 12.236
max_peak: 7433216 c: 8388096
mz: 245.1 246.1 247.1 248.1 249.1 250.1
5_timepoints: 0 6263193.6 1426534.4 581952 87849.6 15510.6
base: 607 4859 7003 7056 3954 1209
SW620_24h_cold_R2_PIM_SCAN_01
RT(min): 12.236 c: 12.236
max_peak: 4678656 c: 5496832
mz: 245.1 246.1 247.1 248.1 249.1 250.1
5_timepoints: 0 4078592 878720 374105.6 55816 10235.8
base: 586 4064 6146 5639 3618 1168
SW620_24h_UGln_R1_PIM_SCAN_01
RT(min): 12.236 c: 12.236
max_peak: 4685824 c: 5439488
mz: 245.1 246.1 247.1 248.1 249.1 250.1
5_timepoints: 0 4080742.4 876492.8 372249.6 55012.8 10688.2
base: 587 4233 6324 6071 3753 1200
SW620_24h_UGln_R2_PIM_SCAN_01
RT(min): 12.236 c: 12.236
max_peak: 2953216 c: 3402240
mz: 245.1 246.1 247.1 248.1 249.1 250.1
5_timepoints: 0 2539622.4 548441.6 232896 37784 6722
base: 479 5532 7837 7450 4234 1380
SW620_24h_UGln_R3_PIM_SCAN_01
RT(min): 12.23 c: 12.23
max_peak: 6043136 c: 7065600
mz: 245.1 246.1 247.1 248.1 249.1 250.1
5_timepoints: 0 5086617.6 1098816 459443.2 66086.4 11825.4
base: 629 4249 5936 5471 3589 1216
SW620_6h_12Glc_R1_PIM_SCAN_01
RT(min): 12.248 c: 12.248
max_peak: 1503232 c: 1760768
mz: 245.1 246.1 247.1 248.1 249.1 250.1
5_timepoints: 1592.8 1322086.4 289958.4 119438.4 20432 3785.2
base: 388 4083 5396 5289 3406 982
SW620_6h_12Glc_R2_PIM_SCAN_01
RT(min): 12.229 c: 12.229
**** !?MAX_PEAK: 8388096 c: 8388096
mz: 245.1 246.1 247.1 248.1 249.1 250.1
5_timepoints: 0 6282752 2464051.2 1050483.2 159422.4 27928.4
base: 392 5016 5948 5464 3238 1023
SW620_6h_12Glc_R3_PIM_SCAN_01
RT(min): 12.242 c: 12.242
max_peak: 2132480 c: 2556928
mz: 245.1 246.1 247.1 248.1 249.1 250.1
5_timepoints: 0 1851699.2 409036.8 169779.2 27740.8 5085.2
base: 421 4070 5236 4817 3269 984
SW620_6h_UGln_R1_PIM_SCAN_01
RT(min): 12.248 c: 12.248
max_peak: 1490944 c: 1814016
mz: 245.1 246.1 247.1 248.1 249.1 250.1
5_timepoints: 1434.8 1305587.2 286182.4 120822.4 19579.2 3288.2
base: 440 3357 4300 4236 2999 918
SW620_6h_UGln_R2_PIM_SCAN_01
RT(min): 12.261 c: 12.261
max_peak: 698944 c: 850624
mz: 245.1 246.1 247.1 248.1 249.1 250.1
5_timepoints: 676.6 637209.6 139513.6 60419.2 11650.6 2392.6
base: 388 6089 7116 7010 4365 1303
SW620_6h_UGln_R3_PIM_SCAN_01
RT(min): 12.261 c: 12.261
max_peak: 989696 c: 1152512
mz: 245.1 246.1 247.1 248.1 249.1 250.1
5_timepoints: 0 896524.8 190937.6 82046.4 15799.2 3546.6
base: 492 5390 6549 6753 4251 1262


absolute_values,CDF_file: Max 245.1 246.1 247.1 248.1 249.1 250.1
SW620_24h_12Glc_R1_PIM_SCAN_01 3542528 -469 2968161 666844 276280 40317 6543
SW620_24h_12Glc_R2_PIM_SCAN_01 4496384 -449 3872628 825151 348640 48205 8015
SW620_24h_12Glc_R3_PIM_SCAN_01 7433216 -607 6258335 1419532 574896 83896 14302
SW620_24h_cold_R2_PIM_SCAN_01 4678656 -586 4074528 872574 368467 52198 9068
SW620_24h_UGln_R1_PIM_SCAN_01 4685824 -587 4076509 870169 366179 51259 9488
SW620_24h_UGln_R2_PIM_SCAN_01 2953216 -479 2534091 540605 225446 33550 5342
SW620_24h_UGln_R3_PIM_SCAN_01 6043136 -629 5082369 1092880 453972 62497 10610
SW620_6h_12Glc_R1_PIM_SCAN_01 1503232 1205 1318003 284562 114149 17026 2803
SW620_6h_12Glc_R2_PIM_SCAN_01 8388096 -392 6277736 2458103 1045019 156184 26905
SW620_6h_12Glc_R3_PIM_SCAN_01 2132480 -421 1847629 403801 164962 24471 4102
SW620_6h_UGln_R1_PIM_SCAN_01 1490944 995 1302230 281882 116587 16580 2371
SW620_6h_UGln_R2_PIM_SCAN_01 698944 289 631120 132398 53409 7285 1090
SW620_6h_UGln_R3_PIM_SCAN_01 989696 -492 891135 184389 75293 11548 2284
END


relative_values,CDF_file: Max 245.1 246.1 247.1 248.1 249.1 250.1
SW620_24h_12Glc_R1_PIM_SCAN_01 3542528 -2e-04 1 0.2247 0.0931 0.0136 0.0022
SW620_24h_12Glc_R2_PIM_SCAN_01 4496384 -1e-04 1 0.2131 0.09 0.0124 0.0021
SW620_24h_12Glc_R3_PIM_SCAN_01 7433216 -1e-04 1 0.2268 0.0919 0.0134 0.0023
SW620_24h_cold_R2_PIM_SCAN_01 4678656 -1e-04 1 0.2142 0.0904 0.0128 0.0022
SW620_24h_UGln_R1_PIM_SCAN_01 4685824 -1e-04 1 0.2135 0.0898 0.0126 0.0023
SW620_24h_UGln_R2_PIM_SCAN_01 2953216 -2e-04 1 0.2133 0.089 0.0132 0.0021
SW620_24h_UGln_R3_PIM_SCAN_01 6043136 -1e-04 1 0.215 0.0893 0.0123 0.0021
SW620_6h_12Glc_R1_PIM_SCAN_01 1503232 9e-04 1 0.2159 0.0866 0.0129 0.0021
SW620_6h_12Glc_R2_PIM_SCAN_01 8388096 -1e-04 1 0.3916 0.1665 0.0249 0.0043
SW620_6h_12Glc_R3_PIM_SCAN_01 2132480 -2e-04 1 0.2186 0.0893 0.0132 0.0022
SW620_6h_UGln_R1_PIM_SCAN_01 1490944 8e-04 1 0.2165 0.0895 0.0127 0.0018
SW620_6h_UGln_R2_PIM_SCAN_01 698944 5e-04 1 0.2098 0.0846 0.0115 0.0017
SW620_6h_UGln_R3_PIM_SCAN_01 989696 -6e-04 1 0.2069 0.0845 0.013 0.0026
