###	RAMID version 1.0: 7e5b4013a643c4a6b2ff63cfd722a126 2021-09-08 14:03:09 	***

SW620_24h_12Glc_R1_PIM_SCAN_01
RT(min): 37.157 c: 37.157
max_peak: 87360 c: 1489
mz: 439.3 440.3 441.3 442.3 443.3 444.3 445.3 446.3 447.3 448.3
*!?* 5_timepoints: 80054.4 35648 9830 2987.4 1062.8 657.2 948.2 529.2 748.6 1415.8
base: 822 1467 1487 914 10384 4415 3118 1303 515 322
SW620_24h_12Glc_R2_PIM_SCAN_01
RT(min): 37.151 c: 37.151
max_peak: 121392 c: 3261
mz: 439.3 440.3 441.3 442.3 443.3 444.3 445.3 446.3 447.3 448.3
*!?* 5_timepoints: 93633.6 41891.2 10323.8 2808.2 926.4 796.8 578 411.8 738.8 1217.8
base: 940 1362 1380 824 8088 3690 3326 1187 650 246
SW620_24h_12Glc_R3_PIM_SCAN_01
RT(min): 37.138 c: 37.138
max_peak: 149440 c: 3226
mz: 439.3 440.3 441.3 442.3 443.3 444.3 445.3 446.3 447.3 448.3
*!?* 5_timepoints: 124998.4 54176 14935.6 3728.2 1674.8 629.6 1173 816.4 611 1470.6
base: 1319 8493 4756 2776 42854 18103 10329 3510 1838 676
SW620_24h_cold_R2_PIM_SCAN_01
RT(min): 37.138 c: 37.138
max_peak: 136512 c: 3681
mz: 439.3 440.3 441.3 442.3 443.3 444.3 445.3 446.3 447.3 448.3
*!?* 5_timepoints: 105204.8 45238.4 11923.8 3666 1593.8 814.6 1081 700.6 864.8 1535.6
base: 1167 3348 2505 1645 32487 13733 8021 2577 1566 437
SW620_24h_UGln_R1_PIM_SCAN_01
RT(min): 37.144 c: 37.144
max_peak: 131056 c: 2785
mz: 439.3 440.3 441.3 442.3 443.3 444.3 445.3 446.3 447.3 448.3
*!?* 5_timepoints: 106548.8 44905.6 11917.8 3102 1380.8 933.6 922.8 531.2 894 1521.4
base: 1395 4213 2466 1460 16313 6780 4969 2724 20374 8043
SW620_24h_UGln_R2_PIM_SCAN_01
RT(min): 37.144 c: 37.144
max_peak: 94504 c: 2653
mz: 439.3 440.3 441.3 442.3 443.3 444.3 445.3 446.3 447.3 448.3
*!?* 5_timepoints: 78366.4 34560 10137.2 1943.4 852.8 683 500.8 95.6 880.8 972.6
base: 779 556 617 246 1026 567 725 447 1294 575
SW620_24h_UGln_R3_PIM_SCAN_01
RT(min): 37.138 c: 37.138
max_peak: 204352 c: 5816
mz: 439.3 440.3 441.3 442.3 443.3 444.3 445.3 446.3 447.3 448.3
*!?* 5_timepoints: 168076.8 75601.6 20738.8 5119.2 1910 1016.8 1226.4 995 1051 2308.4
base: 1885 8304 4324 2517 22675 9896 7156 3744 29576 11402
SW620_6h_12Glc_R1_PIM_SCAN_01
RT(min): 37.157 c: 37.157
max_peak: 46552 c: 648
mz: 439.3 440.3 441.3 442.3 443.3 444.3 445.3 446.3 447.3 448.3
*!?* 5_timepoints: 40731.2 16711.2 4655.2 1562.2 546.8 267 446.8 281.2 353.2 584.8
base: 474 387 516 382 4544 1961 1459 519 404 145
SW620_6h_12Glc_R2_PIM_SCAN_01
RT(min): 37.163 c: 37.163
max_peak: 40392 c: 1058
mz: 439.3 440.3 441.3 442.3 443.3 444.3 445.3 446.3 447.3 448.3
*!?* 5_timepoints: 36380.8 15924.6 4651.4 1362 588.2 358 468.8 340.8 275.8 773.8
base: 515 382 590 291 4312 1773 1029 406 276 134
SW620_6h_12Glc_R3_PIM_SCAN_01
RT(min): 37.157 c: 37.157
max_peak: 67512 c: 2265
mz: 439.3 440.3 441.3 442.3 443.3 444.3 445.3 446.3 447.3 448.3
*!?* 5_timepoints: 58761.6 25299.2 6990.6 1833.2 845 552 328.6 419.6 313.6 1010.8
base: 618 927 764 645 9435 4016 2294 874 589 236
SW620_6h_UGln_R1_PIM_SCAN_01
RT(min): 37.157 c: 37.157
max_peak: 57536 c: 1014
mz: 439.3 440.3 441.3 442.3 443.3 444.3 445.3 446.3 447.3 448.3
*!?* 5_timepoints: 48144 21223.4 5144 1191.6 839.6 378.4 877.6 235.4 1080 727.8
base: 724 759 791 536 4490 2135 1503 915 5523 2170
SW620_6h_UGln_R2_PIM_SCAN_01
RT(min): 37.157 c: 37.157
max_peak: 29384 c: 0
mz: 439.3 440.3 441.3 442.3 443.3 444.3 445.3 446.3 447.3 448.3
*!?* 5_timepoints: 25687.8 12055.2 3542.2 884.6 14621.6 5408 2356.8 799.4 479.8 385.4
base: 394 159 288 61 139 236 285 199 278 124
SW620_6h_UGln_R3_PIM_SCAN_01
RT(min): 37.163 c: 37.163
max_peak: 41128 c: 1741
mz: 439.3 440.3 441.3 442.3 443.3 444.3 445.3 446.3 447.3 448.3
*!?* 5_timepoints: 31606.4 16466.4 4173 1699.6 6882.6 3331.8 1392.6 571.2 675.4 569.2
base: 440 253 329 162 792 570 382 300 990 377


absolute_values,CDF_file: Max 439.3 440.3 441.3 442.3 443.3 444.3 445.3 446.3 447.3 448.3
SW620_24h_12Glc_R1_PIM_SCAN_01 87360 79232 34181 8343 2073 -9321 -3758 -2170 -774 233 1094
SW620_24h_12Glc_R2_PIM_SCAN_01 121392 92693 40529 8944 1985 -7162 -2893 -2748 -775 89 972
SW620_24h_12Glc_R3_PIM_SCAN_01 149440 123679 45683 10180 952 -41179 -17474 -9156 -2693 -1227 794
SW620_24h_cold_R2_PIM_SCAN_01 136512 104037 41890 9419 2021 -30893 -12918 -6940 -1876 -701 1098
SW620_24h_UGln_R1_PIM_SCAN_01 131056 105154 40693 9452 1642 -14932 -5846 -4046 -2193 -19480 -6522
SW620_24h_UGln_R2_PIM_SCAN_01 94504 77588 34004 9520 1697 -173 116 -225 -351 -413 398
SW620_24h_UGln_R3_PIM_SCAN_01 204352 166192 67298 16415 2602 -20765 -8879 -5930 -2749 -28525 -9093
SW620_6h_12Glc_R1_PIM_SCAN_01 46552 40257 16325 4140 1180 -3997 -1694 -1013 -238 -51 440
SW620_6h_12Glc_R2_PIM_SCAN_01 40392 35866 15543 4062 1071 -3723 -1415 -560 -65 0 639
SW620_6h_12Glc_R3_PIM_SCAN_01 67512 58144 24372 6227 1188 -8590 -3464 -1966 -454 -275 775
SW620_6h_UGln_R1_PIM_SCAN_01 57536 47420 20464 4353 655 -3651 -1756 -625 -680 -4443 -1442
SW620_6h_UGln_R2_PIM_SCAN_01 29384 25294 11897 3254 823 14483 5172 2072 600 202 261
SW620_6h_UGln_R3_PIM_SCAN_01 41128 31167 16214 3844 1538 6091 2762 1011 272 -314 192
END


relative_values,CDF_file: Max 439.3 440.3 441.3 442.3 443.3 444.3 445.3 446.3 447.3 448.3
SW620_24h_12Glc_R1_PIM_SCAN_01 87360 1 0.4314 0.1053 0.0262 -0.1176 -0.0474 -0.0274 -0.0098 0.0029 0.0138
SW620_24h_12Glc_R2_PIM_SCAN_01 121392 1 0.4372 0.0965 0.0214 -0.0773 -0.0312 -0.0296 -0.0084 0.001 0.0105
SW620_24h_12Glc_R3_PIM_SCAN_01 149440 1 0.3694 0.0823 0.0077 -0.333 -0.1413 -0.074 -0.0218 -0.0099 0.0064
SW620_24h_cold_R2_PIM_SCAN_01 136512 1 0.4026 0.0905 0.0194 -0.2969 -0.1242 -0.0667 -0.018 -0.0067 0.0106
SW620_24h_UGln_R1_PIM_SCAN_01 131056 1 0.387 0.0899 0.0156 -0.142 -0.0556 -0.0385 -0.0209 -0.1853 -0.062
SW620_24h_UGln_R2_PIM_SCAN_01 94504 1 0.4383 0.1227 0.0219 -0.0022 0.0015 -0.0029 -0.0045 -0.0053 0.0051
SW620_24h_UGln_R3_PIM_SCAN_01 204352 1 0.4049 0.0988 0.0157 -0.1249 -0.0534 -0.0357 -0.0165 -0.1716 -0.0547
SW620_6h_12Glc_R1_PIM_SCAN_01 46552 1 0.4055 0.1028 0.0293 -0.0993 -0.0421 -0.0252 -0.0059 -0.0013 0.0109
SW620_6h_12Glc_R2_PIM_SCAN_01 40392 1 0.4334 0.1133 0.0299 -0.1038 -0.0395 -0.0156 -0.0018 0 0.0178
SW620_6h_12Glc_R3_PIM_SCAN_01 67512 1 0.4192 0.1071 0.0204 -0.1477 -0.0596 -0.0338 -0.0078 -0.0047 0.0133
SW620_6h_UGln_R1_PIM_SCAN_01 57536 1 0.4315 0.0918 0.0138 -0.077 -0.037 -0.0132 -0.0143 -0.0937 -0.0304
SW620_6h_UGln_R2_PIM_SCAN_01 29384 1 0.4703 0.1286 0.0325 0.5726 0.2045 0.0819 0.0237 0.008 0.0103
SW620_6h_UGln_R3_PIM_SCAN_01 41128 1 0.5202 0.1233 0.0493 0.1954 0.0886 0.0324 0.0087 -0.0101 0.0062
