###	RAMID version 1.0: 7e5b4013a643c4a6b2ff63cfd722a126 2021-09-08 14:03:09 	***

SW620_24h_12Glc_R1_PIM_SCAN_01
RT(min): 15.626 c: 15.626
max_peak: 1715712 c: 1405440
mz: 301.2 302.2 303.2 304.2 305.2 306.2 307.2 308.2 309.2
5_timepoints: 0 1538457.6 405120 153228.8 26446.4 4676 589.6 123.8 21.8
base: 171 966 444 196 362 88 92 12 158
SW620_24h_12Glc_R2_PIM_SCAN_01
RT(min): 15.626 c: 15.626
max_peak: 2017792 c: 1645568
mz: 301.2 302.2 303.2 304.2 305.2 306.2 307.2 308.2 309.2
5_timepoints: 0 1798656 477132.8 179840 31332.8 5288 866.2 83.4 192.2
base: 185 1373 642 390 474 173 125 74 159
SW620_24h_12Glc_R3_PIM_SCAN_01
RT(min): 15.62 c: 15.62
max_peak: 2480128 c: 2063360
mz: 301.2 302.2 303.2 304.2 305.2 306.2 307.2 308.2 309.2
5_timepoints: 0 2301132.8 603264 235072 37964.8 7685.2 1204 185.8 224.4
base: 136 1499 656 310 431 230 111 58 166
SW620_24h_cold_R2_PIM_SCAN_01
RT(min): 15.62 c: 15.62
max_peak: 2131968 c: 1809408
mz: 301.2 302.2 303.2 304.2 305.2 306.2 307.2 308.2 309.2
5_timepoints: 0 1935257.6 511628.8 198131.2 34481.6 6085.2 441.4 109.4 257.2
base: 308 1411 659 379 386 153 75 102 104
SW620_24h_UGln_R1_PIM_SCAN_01
RT(min): 15.62 c: 15.62
max_peak: 1872896 c: 1572352
mz: 301.2 302.2 303.2 304.2 305.2 306.2 307.2 308.2 309.2
5_timepoints: 0 1671884.8 433587.2 171788.8 29080 5008.6 734.8 99 184.8
base: 232 1173 524 243 363 189 141 99 146
SW620_24h_UGln_R2_PIM_SCAN_01
RT(min): 15.62 c: 15.62
max_peak: 1695744 c: 1411584
mz: 301.2 302.2 303.2 304.2 305.2 306.2 307.2 308.2 309.2
5_timepoints: 0 1549312 396838.4 150515.2 29433.6 5379.6 712.2 90 416.6
base: 173 1258 491 244 525 278 115 53 198
SW620_24h_UGln_R3_PIM_SCAN_01
RT(min): 15.62 c: 15.62
max_peak: 2837504 c: 2311680
mz: 301.2 302.2 303.2 304.2 305.2 306.2 307.2 308.2 309.2
5_timepoints: 0 2579763.2 681382.4 264908.8 43776 7303.8 1177.4 234.6 292
base: 216 2534 1030 568 487 162 131 49 151
SW620_6h_12Glc_R1_PIM_SCAN_01
RT(min): 15.632 c: 15.632
max_peak: 840832 c: 745408
mz: 301.2 302.2 303.2 304.2 305.2 306.2 307.2 308.2 309.2
5_timepoints: 0 769792 202163.2 79795.2 14193.4 2414 323.4 93.4 325.2
base: 147 856 290 152 309 105 66 27 144
SW620_6h_12Glc_R2_PIM_SCAN_01
RT(min): 15.639 c: 15.639
max_peak: 806016 c: 668224
mz: 301.2 302.2 303.2 304.2 305.2 306.2 307.2 308.2 309.2
5_timepoints: 444.8 723494.4 182873.6 74220.8 12336.6 2727.8 440.2 134.4 130.6
base: 165 961 386 173 317 94 71 46 114
SW620_6h_12Glc_R3_PIM_SCAN_01
RT(min): 15.632 c: 15.632
max_peak: 1295872 c: 1071616
mz: 301.2 302.2 303.2 304.2 305.2 306.2 307.2 308.2 309.2
5_timepoints: 0 1155404.8 303846.4 118379.2 20272 3877.4 514.6 35.2 84.2
base: 157 1107 417 268 284 115 66 58 87
SW620_6h_UGln_R1_PIM_SCAN_01
RT(min): 15.633 c: 15.633
max_peak: 966912 c: 814784
mz: 301.2 302.2 303.2 304.2 305.2 306.2 307.2 308.2 309.2
5_timepoints: 0 886707.2 232755.2 87032 16088.4 2626.4 600 97 156.4
base: 118 1028 392 215 306 77 70 44 46
SW620_6h_UGln_R2_PIM_SCAN_01
RT(min): 15.639 c: 15.639
max_peak: 839040 c: 682176
mz: 301.2 302.2 303.2 304.2 305.2 306.2 307.2 308.2 309.2
5_timepoints: 0 755468.8 194905.6 75446.4 13787 2738.6 361.6 53 232.2
base: 224 992 317 180 451 96 107 59 165
SW620_6h_UGln_R3_PIM_SCAN_01
RT(min): 15.639 c: 15.639
max_peak: 846528 c: 699840
mz: 301.2 302.2 303.2 304.2 305.2 306.2 307.2 308.2 309.2
5_timepoints: 0 762035.2 200870.4 80025.6 14496 3231.6 571 104.6 365.6
base: 161 926 363 123 457 171 112 52 133


absolute_values,CDF_file: Max 301.2 302.2 303.2 304.2 305.2 306.2 307.2 308.2 309.2
SW620_24h_12Glc_R1_PIM_SCAN_01 1715712 -171 1537491 404676 153033 26084 4588 498 111 -136
SW620_24h_12Glc_R2_PIM_SCAN_01 2017792 -185 1797283 476490 179450 30859 5115 741 10 34
SW620_24h_12Glc_R3_PIM_SCAN_01 2480128 -136 2299633 602608 234762 37533 7455 1093 128 58
SW620_24h_cold_R2_PIM_SCAN_01 2131968 -308 1933847 510969 197752 34096 5932 366 8 153
SW620_24h_UGln_R1_PIM_SCAN_01 1872896 -232 1670712 433064 171546 28717 4820 594 0 39
SW620_24h_UGln_R2_PIM_SCAN_01 1695744 -173 1548054 396347 150271 28908 5102 597 37 219
SW620_24h_UGln_R3_PIM_SCAN_01 2837504 -216 2577229 680352 264341 43289 7142 1046 185 141
SW620_6h_12Glc_R1_PIM_SCAN_01 840832 -147 768936 201874 79643 13885 2309 258 67 181
SW620_6h_12Glc_R2_PIM_SCAN_01 806016 279 722533 182487 74048 12019 2634 369 89 17
SW620_6h_12Glc_R3_PIM_SCAN_01 1295872 -157 1154298 303430 118111 19988 3762 449 -23 -3
SW620_6h_UGln_R1_PIM_SCAN_01 966912 -118 885679 232363 86817 15783 2549 530 53 111
SW620_6h_UGln_R2_PIM_SCAN_01 839040 -224 754477 194589 75266 13336 2642 255 -6 67
SW620_6h_UGln_R3_PIM_SCAN_01 846528 -161 761110 200507 79902 14039 3060 459 53 233
END


relative_values,CDF_file: Max 301.2 302.2 303.2 304.2 305.2 306.2 307.2 308.2 309.2
SW620_24h_12Glc_R1_PIM_SCAN_01 1715712 -1e-04 1 0.2632 0.0995 0.017 0.003 3e-04 1e-04 -1e-04
SW620_24h_12Glc_R2_PIM_SCAN_01 2017792 -1e-04 1 0.2651 0.0998 0.0172 0.0028 4e-04 0 0
SW620_24h_12Glc_R3_PIM_SCAN_01 2480128 -1e-04 1 0.262 0.1021 0.0163 0.0032 5e-04 1e-04 0
SW620_24h_cold_R2_PIM_SCAN_01 2131968 -2e-04 1 0.2642 0.1023 0.0176 0.0031 2e-04 0 1e-04
SW620_24h_UGln_R1_PIM_SCAN_01 1872896 -1e-04 1 0.2592 0.1027 0.0172 0.0029 4e-04 0 0
SW620_24h_UGln_R2_PIM_SCAN_01 1695744 -1e-04 1 0.256 0.0971 0.0187 0.0033 4e-04 0 1e-04
SW620_24h_UGln_R3_PIM_SCAN_01 2837504 -1e-04 1 0.264 0.1026 0.0168 0.0028 4e-04 1e-04 1e-04
SW620_6h_12Glc_R1_PIM_SCAN_01 840832 -2e-04 1 0.2625 0.1036 0.0181 0.003 3e-04 1e-04 2e-04
SW620_6h_12Glc_R2_PIM_SCAN_01 806016 4e-04 1 0.2526 0.1025 0.0166 0.0036 5e-04 1e-04 0
SW620_6h_12Glc_R3_PIM_SCAN_01 1295872 -1e-04 1 0.2629 0.1023 0.0173 0.0033 4e-04 0 0
SW620_6h_UGln_R1_PIM_SCAN_01 966912 -1e-04 1 0.2624 0.098 0.0178 0.0029 6e-04 1e-04 1e-04
SW620_6h_UGln_R2_PIM_SCAN_01 839040 -3e-04 1 0.2579 0.0998 0.0177 0.0035 3e-04 0 1e-04
SW620_6h_UGln_R3_PIM_SCAN_01 846528 -2e-04 1 0.2634 0.105 0.0184 0.004 6e-04 1e-04 3e-04
