###	RAMID version 1.0: 7e5b4013a643c4a6b2ff63cfd722a126 2021-09-08 14:03:09 	***

SW620_24h_12Glc_R1_PIM_SCAN_01
RT(min): 17.246 c: 17.246
max_peak: 1903 c: 16
mz: 300.1 301.1 302.1 303.1 304.1 305.1 306.1 307.1
5_timepoints: 27.6 1310 642.2 601.4 77.4 180.2 4.2 55.2
base: 101 448 430 644 138 135 33 54
SW620_24h_12Glc_R2_PIM_SCAN_01
RT(min): 17.234 c: 17.234
max_peak: 3315 c: 249
mz: 300.1 301.1 302.1 303.1 304.1 305.1 306.1 307.1
5_timepoints: 230.8 2410.8 876.4 997 101.4 271.4 18.6 160
base: 175 513 408 771 270 207 60 111
SW620_24h_12Glc_R3_PIM_SCAN_01
RT(min): 17.215 c: 17.215
max_peak: 3653 c: 515
mz: 300.1 301.1 302.1 303.1 304.1 305.1 306.1 307.1
5_timepoints: 249 2601.4 1026.4 1248 361.2 453 55.2 19.4
base: 158 764 637 779 313 299 91 87
SW620_24h_cold_R2_PIM_SCAN_01
RT(min): 17.196 c: 17.196
max_peak: 2868 c: 355
mz: 300.1 301.1 302.1 303.1 304.1 305.1 306.1 307.1
5_timepoints: 126.2 1911.2 988.8 1009.6 147.4 97 148.2 20.2
base: 204 577 593 708 192 142 88 78
SW620_24h_UGln_R1_PIM_SCAN_01
RT(min): 17.215 c: 17.215
max_peak: 2738 c: 379
mz: 300.1 301.1 302.1 303.1 304.1 305.1 306.1 307.1
5_timepoints: 59.8 1910 463.6 906.2 378.8 290 109 58.8
base: 153 697 418 693 287 191 130 47
SW620_24h_UGln_R2_PIM_SCAN_01
RT(min): 17.221 c: 17.221
max_peak: 2560 c: 385
mz: 300.1 301.1 302.1 303.1 304.1 305.1 306.1 307.1
5_timepoints: 26 1925.2 488.2 610 462.8 290.6 124.4 22.2
base: 156 572 469 676 232 219 86 50
SW620_24h_UGln_R3_PIM_SCAN_01
RT(min): 17.19 c: 17.19
max_peak: 4957 c: 353
mz: 300.1 301.1 302.1 303.1 304.1 305.1 306.1 307.1
5_timepoints: 4.4 2974.8 902.2 937.2 309 369.4 128.2 8.2
base: 212 709 777 833 315 310 130 65
SW620_6h_12Glc_R1_PIM_SCAN_01
RT(min): 17.284 c: 17.284
max_peak: 1734 c: 381
mz: 300.1 301.1 302.1 303.1 304.1 305.1 306.1 307.1
5_timepoints: 103.6 1298 572.6 355.8 230.8 29.6 77.6 106.4
base: 65 309 263 406 140 192 47 54
SW620_6h_12Glc_R3_PIM_SCAN_01
RT(min): 17.265 c: 17.265
max_peak: 2246 c: 59
mz: 300.1 301.1 302.1 303.1 304.1 305.1 306.1 307.1
*!?* 5_timepoints: 282.6 1195.8 628.2 226.6 51.6 144 160 56
base: 78 289 251 357 139 100 44 15
SW620_6h_UGln_R1_PIM_SCAN_01
RT(min): 17.29 c: 17.29
max_peak: 1533 c: 123
mz: 300.1 301.1 302.1 303.1 304.1 305.1 306.1 307.1
*!?* 5_timepoints: 74.6 1006.4 470 379.8 142.6 170.8 64.6 19.6
base: 43 393 244 373 100 199 40 30
SW620_6h_UGln_R2_PIM_SCAN_01
RT(min): 17.277 c: 17.277
max_peak: 2286 c: 5
mz: 300.1 301.1 302.1 303.1 304.1 305.1 306.1 307.1
5_timepoints: 82.6 984.6 401.4 208 112.4 214 21 5.4
base: 88 319 266 351 75 128 70 20
SW620_6h_UGln_R3_PIM_SCAN_01
RT(min): 17.296 c: 17.296
max_peak: 1256 c: 127
mz: 300.1 301.1 302.1 303.1 304.1 305.1 306.1 307.1
5_timepoints: 5.6 957.6 188.8 356 58.8 337.6 9.2 42.6
base: 95 305 287 309 86 164 41 54


absolute_values,CDF_file: Max 300.1 301.1 302.1 303.1 304.1 305.1 306.1 307.1
SW620_24h_12Glc_R1_PIM_SCAN_01 1903 -73 862 212 -42 -60 45 -28 2
SW620_24h_12Glc_R2_PIM_SCAN_01 3315 56 1897 469 226 -169 64 -42 49
SW620_24h_12Glc_R3_PIM_SCAN_01 3653 91 1838 389 469 48 154 -36 -67
SW620_24h_cold_R2_PIM_SCAN_01 2868 -78 1334 396 302 -45 -45 61 -58
SW620_24h_UGln_R1_PIM_SCAN_01 2738 -93 1213 45 213 92 99 -21 12
SW620_24h_UGln_R2_PIM_SCAN_01 2560 -130 1354 19 -66 231 71 38 -28
SW620_24h_UGln_R3_PIM_SCAN_01 4957 -208 2266 125 105 -6 59 -2 -57
SW620_6h_12Glc_R1_PIM_SCAN_01 1734 38 989 309 -50 91 -163 30 52
SW620_6h_12Glc_R3_PIM_SCAN_01 2246 204 907 377 -131 -87 44 116 41
SW620_6h_UGln_R1_PIM_SCAN_01 1533 31 613 226 7 42 -28 24 -10
SW620_6h_UGln_R2_PIM_SCAN_01 2286 -5 666 135 -143 38 86 -49 -15
SW620_6h_UGln_R3_PIM_SCAN_01 1256 -89 653 -99 47 -27 174 -32 -11
END


relative_values,CDF_file: Max 300.1 301.1 302.1 303.1 304.1 305.1 306.1 307.1
SW620_24h_12Glc_R1_PIM_SCAN_01 1903 -0.0847 1 0.2459 -0.0487 -0.0696 0.0522 -0.0325 0.0023
SW620_24h_12Glc_R2_PIM_SCAN_01 3315 0.0295 1 0.2472 0.1191 -0.0891 0.0337 -0.0221 0.0258
SW620_24h_12Glc_R3_PIM_SCAN_01 3653 0.0495 1 0.2116 0.2552 0.0261 0.0838 -0.0196 -0.0365
SW620_24h_cold_R2_PIM_SCAN_01 2868 -0.0585 1 0.2969 0.2264 -0.0337 -0.0337 0.0457 -0.0435
SW620_24h_UGln_R1_PIM_SCAN_01 2738 -0.0767 1 0.0371 0.1756 0.0758 0.0816 -0.0173 0.0099
SW620_24h_UGln_R2_PIM_SCAN_01 2560 -0.096 1 0.014 -0.0487 0.1706 0.0524 0.0281 -0.0207
SW620_24h_UGln_R3_PIM_SCAN_01 4957 -0.0918 1 0.0552 0.0463 -0.0026 0.026 -9e-04 -0.0252
SW620_6h_12Glc_R1_PIM_SCAN_01 1734 0.0384 1 0.3124 -0.0506 0.092 -0.1648 0.0303 0.0526
SW620_6h_12Glc_R3_PIM_SCAN_01 2246 0.2249 1 0.4157 -0.1444 -0.0959 0.0485 0.1279 0.0452
SW620_6h_UGln_R1_PIM_SCAN_01 1533 0.0506 1 0.3687 0.0114 0.0685 -0.0457 0.0392 -0.0163
SW620_6h_UGln_R2_PIM_SCAN_01 2286 -0.0075 1 0.2027 -0.2147 0.0571 0.1291 -0.0736 -0.0225
SW620_6h_UGln_R3_PIM_SCAN_01 1256 -0.1363 1 -0.1516 0.072 -0.0413 0.2665 -0.049 -0.0168
