###	RAMID version 1.0: 7e5b4013a643c4a6b2ff63cfd722a126 2021-09-08 14:03:09 	***

SW620_24h_12Glc_R1_PIM_SCAN_01
RT(min): 36.975 c: 36.975
max_peak: 95896 c: 7605
mz: 378.2 379.2 380.2 381.2 382.2 383.2 384.2 385.2 386.2 387.2 388.2 389.2 390.2 391.2
*!?* 5_timepoints: 4727.6 3220.2 1130.2 1284.4 779 92374.4 29438.4 55993.6 17559.6 34600 13883.6 16726.6 6314.6 5831.2
base: 612 339 290 535 908 72908 22446 21964 6710 3319 1222 1010 634 364
SW620_24h_12Glc_R2_PIM_SCAN_01
RT(min): 36.975 c: 36.975
max_peak: 109592 c: 1177
mz: 378.2 379.2 380.2 381.2 382.2 383.2 384.2 385.2 386.2 387.2 388.2 389.2 390.2 391.2
*!?* 5_timepoints: 4696.8 2028.8 856 1213 650 115395.2 37004.8 89353.6 27079.8 39524.8 14180.6 18769.6 6659 5373.8
base: 681 407 351 1166 1297 86650 27111 20702 6175 2958 938 865 725 478
SW620_24h_12Glc_R3_PIM_SCAN_01
RT(min): 36.963 c: 36.963
max_peak: 178496 c: 15665
mz: 378.2 379.2 380.2 381.2 382.2 383.2 384.2 385.2 386.2 387.2 388.2 389.2 390.2 391.2
*!?* 5_timepoints: 7962.4 6009 1940.6 1844.4 782.6 172377.6 52566.4 104504 34332.8 63345.6 27358.4 31822.4 12686 10543.6
base: 1611 896 856 1220 1389 138957 43146 48486 14862 11550 3625 2082 1788 1048
SW620_24h_cold_R2_PIM_SCAN_01
RT(min): 36.982 c: 36.982
max_peak: 137728 c: 2075
mz: 378.2 379.2 380.2 381.2 382.2 383.2 384.2 385.2 386.2 387.2 388.2 389.2 390.2 391.2
*!?* 5_timepoints: 3640 2389.2 795.2 1479.6 689.4 132726.4 41547.2 73241.6 20666.4 27893 10430 14728.2 4692 6285
base: 1397 880 671 1340 1236 109021 35243 39788 11945 8019 2521 1596 1375 773
SW620_24h_UGln_R1_PIM_SCAN_01
RT(min): 36.963 c: 36.963
max_peak: 159232 c: 71432
mz: 378.2 379.2 380.2 381.2 382.2 383.2 384.2 385.2 386.2 387.2 388.2 389.2 390.2 391.2
*!?* 5_timepoints: 14062.6 10347.2 5265.6 4467.4 1304.4 159859.2 49673.6 61667.2 20278.6 33188.8 19171.2 48131.2 25534.2 14354.4
base: 4106 2195 1469 1201 1176 131642 41519 33269 9267 5510 2701 12058 5677 3431
SW620_24h_UGln_R2_PIM_SCAN_01
RT(min): 36.969 c: 36.969
max_peak: 88928 c: 53480
mz: 378.2 379.2 380.2 381.2 382.2 383.2 384.2 385.2 386.2 387.2 388.2 389.2 390.2 391.2
*!?* 5_timepoints: 11285 6988.6 3588.4 3330 2635.4 93056 31428.8 46371.2 15887.4 24264.4 14711.6 37284.8 18575.6 10647.2
base: 724 373 353 911 1131 67827 20907 10933 2803 1058 402 1135 602 390
SW620_24h_UGln_R3_PIM_SCAN_01
RT(min): 36.963 c: 36.963
max_peak: 181184 c: 101864
mz: 378.2 379.2 380.2 381.2 382.2 383.2 384.2 385.2 386.2 387.2 388.2 389.2 390.2 391.2
*!?* 5_timepoints: 20992 14136.4 6961.4 5999.2 914.2 178675.2 58780.8 90224 30392 49699.2 27395.2 71513.6 36689.6 22291.8
base: 5712 2949 1845 1777 1750 144862 44574 41365 11779 7034 3596 17286 8019 4955
SW620_6h_12Glc_R1_PIM_SCAN_01
RT(min): 36.982 c: 36.982
max_peak: 57056 c: 1344
mz: 378.2 379.2 380.2 381.2 382.2 383.2 384.2 385.2 386.2 387.2 388.2 389.2 390.2 391.2
*!?* 5_timepoints: 1295.2 1028.8 662.6 563.4 836.6 56014.4 17776 22497.4 6727.8 10209.6 4116.4 5204.4 2120.6 1932.2
base: 394 149 214 371 560 44484 14469 11330 3220 1653 632 522 529 241
SW620_6h_12Glc_R2_PIM_SCAN_01
RT(min): 36.975 c: 36.975
max_peak: 54384 c: 2228
mz: 378.2 379.2 380.2 381.2 382.2 383.2 384.2 385.2 386.2 387.2 388.2 389.2 390.2 391.2
*!?* 5_timepoints: 1814.2 1066.8 614.2 895.2 339.4 53340.8 16060.6 24666.4 7616.2 12475.6 5111.8 6797.4 2577.6 2349.2
base: 448 283 193 390 577 44860 14163 11009 3184 1625 619 809 535 396
SW620_6h_12Glc_R3_PIM_SCAN_01
RT(min): 36.963 c: 36.963
max_peak: 52600 c: 2373
mz: 378.2 379.2 380.2 381.2 382.2 383.2 384.2 385.2 386.2 387.2 388.2 389.2 390.2 391.2
*!?* 5_timepoints: 1617.4 1301.4 552 694.8 779 53416 17944.6 26227.8 6602.4 11324.4 3923 5999.4 2088.6 2240.8
base: 568 226 258 544 717 51819 16336 14401 4205 2713 1076 764 716 350
SW620_6h_UGln_R1_PIM_SCAN_01
RT(min): 36.901 c: 36.901
max_peak: 64024 c: 25976
mz: 378.2 379.2 380.2 381.2 382.2 383.2 384.2 385.2 386.2 387.2 388.2 389.2 390.2 391.2
*!?* 5_timepoints: 4091.4 2450.4 1697.2 1737 771.4 61771.2 19628.8 19567.8 5394.8 7894.6 4299.8 12336.8 7384.8 4458
base: 445 102 162 476 530 48390 15142 7721 1945 639 368 605 356 364
SW620_6h_UGln_R2_PIM_SCAN_01
RT(min): 36.969 c: 36.969
max_peak: 33416 c: 13412
mz: 378.2 379.2 380.2 381.2 382.2 383.2 384.2 385.2 386.2 387.2 388.2 389.2 390.2 391.2
*!?* 5_timepoints: 2492.6 1792.2 1084.8 710 538 34504 10854.8 11618 3462.2 5555 3163.6 8337 5054.8 2989.4
base: 177 109 79 263 351 26574 8260 4329 1213 431 256 510 245 154
SW620_6h_UGln_R3_PIM_SCAN_01
RT(min): 36.976 c: 36.976
max_peak: 39312 c: 19016
mz: 378.2 379.2 380.2 381.2 382.2 383.2 384.2 385.2 386.2 387.2 388.2 389.2 390.2 391.2
*!?* 5_timepoints: 3413.6 1992 1576.6 854.4 194.8 40300.8 12623.4 14112 4634.8 5660.4 3520.8 10513 6188.6 3842
base: 418 255 200 250 529 32412 10449 6185 1791 869 372 1246 626 442


absolute_values,CDF_file: Max 378.2 379.2 380.2 381.2 382.2 383.2 384.2 385.2 386.2 387.2 388.2 389.2 390.2 391.2
SW620_24h_12Glc_R1_PIM_SCAN_01 95896 4116 2881 840 750 -129 19466 6992 34030 10850 31281 12662 15717 5680 5467
SW620_24h_12Glc_R2_PIM_SCAN_01 109592 4016 1622 505 47 -647 28745 9894 68652 20905 36567 13243 17905 5934 4896
SW620_24h_12Glc_R3_PIM_SCAN_01 178496 6351 5113 1085 624 -607 33420 9421 56018 19471 51795 23733 29740 10898 9495
SW620_24h_cold_R2_PIM_SCAN_01 137728 2243 1509 124 140 -547 23705 6304 33454 8721 19874 7909 13133 3317 5512
SW620_24h_UGln_R1_PIM_SCAN_01 159232 9957 8152 3797 3266 128 28217 8155 28398 11011 27679 16471 36073 19857 10923
SW620_24h_UGln_R2_PIM_SCAN_01 88928 10561 6616 3235 2419 1504 25229 10521 35438 13084 23206 14309 36149 17974 10257
SW620_24h_UGln_R3_PIM_SCAN_01 181184 15280 11188 5116 4222 -836 33813 14207 48859 18613 42665 23799 54227 28670 17337
SW620_6h_12Glc_R1_PIM_SCAN_01 57056 901 880 449 192 277 11531 3307 11168 3508 8557 3485 4683 1592 1691
SW620_6h_12Glc_R2_PIM_SCAN_01 54384 1366 784 421 505 -238 8480 1897 13658 4432 10850 4492 5989 2043 1954
SW620_6h_12Glc_R3_PIM_SCAN_01 52600 1050 1075 294 150 62 1597 1609 11827 2397 8611 2847 5236 1372 1891
SW620_6h_UGln_R1_PIM_SCAN_01 64024 3646 2349 1535 1261 242 13381 4486 11847 3450 7255 3932 11732 7029 4094
SW620_6h_UGln_R2_PIM_SCAN_01 33416 2316 1684 1006 447 187 7930 2595 7289 2250 5124 2907 7827 4809 2836
SW620_6h_UGln_R3_PIM_SCAN_01 39312 2996 1737 1377 604 -334 7889 2174 7927 2844 4791 3149 9267 5563 3400
END


relative_values,CDF_file: Max 378.2 379.2 380.2 381.2 382.2 383.2 384.2 385.2 386.2 387.2 388.2 389.2 390.2 391.2
SW620_24h_12Glc_R1_PIM_SCAN_01 95896 0.121 0.0847 0.0247 0.022 -0.0038 0.572 0.2055 1 0.3188 0.9192 0.3721 0.4619 0.1669 0.1607
SW620_24h_12Glc_R2_PIM_SCAN_01 109592 0.0585 0.0236 0.0074 7e-04 -0.0094 0.4187 0.1441 1 0.3045 0.5326 0.1929 0.2608 0.0864 0.0713
SW620_24h_12Glc_R3_PIM_SCAN_01 178496 0.1134 0.0913 0.0194 0.0111 -0.0108 0.5966 0.1682 1 0.3476 0.9246 0.4237 0.5309 0.1945 0.1695
SW620_24h_cold_R2_PIM_SCAN_01 137728 0.067 0.0451 0.0037 0.0042 -0.0164 0.7086 0.1884 1 0.2607 0.5941 0.2364 0.3926 0.0992 0.1648
SW620_24h_UGln_R1_PIM_SCAN_01 159232 0.276 0.226 0.1053 0.0905 0.0035 0.7822 0.2261 0.7872 0.3052 0.7673 0.4566 1 0.5505 0.3028
SW620_24h_UGln_R2_PIM_SCAN_01 88928 0.2922 0.183 0.0895 0.0669 0.0416 0.6979 0.291 0.9803 0.3619 0.642 0.3958 1 0.4972 0.2837
SW620_24h_UGln_R3_PIM_SCAN_01 181184 0.2818 0.2063 0.0943 0.0779 -0.0154 0.6235 0.262 0.901 0.3432 0.7868 0.4389 1 0.5287 0.3197
SW620_6h_12Glc_R1_PIM_SCAN_01 57056 0.0781 0.0763 0.0389 0.0167 0.024 1 0.2868 0.9685 0.3042 0.7421 0.3022 0.4061 0.1381 0.1466
SW620_6h_12Glc_R2_PIM_SCAN_01 54384 0.1 0.0574 0.0308 0.037 -0.0174 0.6209 0.1389 1 0.3245 0.7944 0.3289 0.4385 0.1496 0.1431
SW620_6h_12Glc_R3_PIM_SCAN_01 52600 0.0888 0.0909 0.0249 0.0127 0.0052 0.135 0.136 1 0.2027 0.7281 0.2407 0.4427 0.116 0.1599
SW620_6h_UGln_R1_PIM_SCAN_01 64024 0.2725 0.1755 0.1147 0.0942 0.0181 1 0.3353 0.8854 0.2578 0.5422 0.2938 0.8768 0.5253 0.306
SW620_6h_UGln_R2_PIM_SCAN_01 33416 0.2921 0.2124 0.1269 0.0564 0.0236 1 0.3272 0.9192 0.2837 0.6462 0.3666 0.987 0.6064 0.3576
SW620_6h_UGln_R3_PIM_SCAN_01 39312 0.3233 0.1874 0.1486 0.0652 -0.036 0.8513 0.2346 0.8554 0.3069 0.517 0.3398 1 0.6003 0.3669
