###	RAMID version 1.0: 7e5b4013a643c4a6b2ff63cfd722a126 2021-09-08 14:03:09 	***

SW620_24h_12Glc_R1_PIM_SCAN_01
RT(min): 11.085 c: 11.085
max_peak: 4666880 c: 79008
mz: 260.1 261.1 262.1 263.1 264.1 265.1 266.1
5_timepoints: 0 3761561.6 909964.8 1305664 247436.8 95929.6 12857.8
base: 95 262 97 519 154 510 164
SW620_24h_12Glc_R2_PIM_SCAN_01
RT(min): 11.085 c: 11.085
max_peak: 5509632 c: 84280
mz: 260.1 261.1 262.1 263.1 264.1 265.1 266.1
5_timepoints: 0 4462284.8 996416 423180.8 63673.6 13068.2 2045.2
base: 121 276 221 791 245 462 137
SW620_24h_12Glc_R3_PIM_SCAN_01
RT(min): 11.085 c: 11.085
max_peak: 5401088 c: 83496
mz: 260.1 261.1 262.1 263.1 264.1 265.1 266.1
5_timepoints: 0 4393369.6 1057561.6 1495526.4 275750.4 103150.4 14782
base: 121 545 222 500 208 521 109
SW620_24h_cold_R2_PIM_SCAN_01
RT(min): 11.079 c: 11.079
max_peak: 6552576 c: 111408
mz: 260.1 261.1 262.1 263.1 264.1 265.1 266.1
5_timepoints: 0 5296332.8 1177062.4 498944 76017.6 14729.8 1559.6
base: 116 471 236 637 188 455 142
SW620_24h_UGln_R1_PIM_SCAN_01
RT(min): 11.085 c: 11.085
max_peak: 4819968 c: 77840
mz: 260.1 261.1 262.1 263.1 264.1 265.1 266.1
5_timepoints: 0 3970355.2 879475.2 382848 97502.4 18518.4 5253.2
base: 125 367 131 504 199 426 125
SW620_24h_UGln_R2_PIM_SCAN_01
RT(min): 11.085 c: 11.085
max_peak: 5423616 c: 82712
mz: 260.1 261.1 262.1 263.1 264.1 265.1 266.1
5_timepoints: 0 4303462.4 965184 429593.6 145158.4 29593.6 8633
base: 190 304 277 992 290 416 154
SW620_24h_UGln_R3_PIM_SCAN_01
RT(min): 11.072 c: 11.072
**** !?MAX_PEAK: 8388096 c: 168896
mz: 260.1 261.1 262.1 263.1 264.1 265.1 266.1
5_timepoints: 0 6068992 2130521.6 914560 255769.6 50427.2 14758.6
base: 148 609 235 543 150 473 148
SW620_6h_12Glc_R1_PIM_SCAN_01
RT(min): 11.097 c: 11.097
max_peak: 953216 c: 15188
mz: 260.1 261.1 262.1 263.1 264.1 265.1 266.1
5_timepoints: 1320.2 802624 189158.4 226508.8 41088 19586.6 3225.4
base: 80 121 66 496 156 394 74
SW620_6h_12Glc_R2_PIM_SCAN_01
RT(min): 11.097 c: 11.097
max_peak: 991168 c: 14153
mz: 260.1 261.1 262.1 263.1 264.1 265.1 266.1
5_timepoints: 1046.6 827916.8 197171.2 211328 37144 18108.2 3311.4
base: 51 487 156 472 121 480 156
SW620_6h_12Glc_R3_PIM_SCAN_01
RT(min): 11.091 c: 11.091
max_peak: 1347072 c: 21360
mz: 260.1 261.1 262.1 263.1 264.1 265.1 266.1
5_timepoints: 0 1101491.2 261657.6 287577.6 54998.4 21265 3486.6
base: 45 143 41 428 129 389 115
SW620_6h_UGln_R1_PIM_SCAN_01
RT(min): 11.097 c: 11.097
max_peak: 1321984 c: 19600
mz: 260.1 261.1 262.1 263.1 264.1 265.1 266.1
5_timepoints: 0 1116249.6 247872 111497.6 26780.8 10142.8 2750.4
base: 83 157 85 402 89 326 125
SW620_6h_UGln_R2_PIM_SCAN_01
RT(min): 11.097 c: 11.097
max_peak: 1452544 c: 23792
mz: 260.1 261.1 262.1 263.1 264.1 265.1 266.1
5_timepoints: 0 1194777.6 267481.6 120363.2 29896 9483 2401.6
base: 44 171 210 716 246 392 173
SW620_6h_UGln_R3_PIM_SCAN_01
RT(min): 11.097 c: 11.097
max_peak: 897856 c: 12398
mz: 260.1 261.1 262.1 263.1 264.1 265.1 266.1
5_timepoints: 0 721907.2 159003.2 79835.2 17010.6 7749.4 1680.4
base: 68 171 41 484 165 463 68


absolute_values,CDF_file: Max 260.1 261.1 262.1 263.1 264.1 265.1 266.1
SW620_24h_12Glc_R1_PIM_SCAN_01 4666880 -95 3761299 909868 1305145 247283 95419 12694
SW620_24h_12Glc_R2_PIM_SCAN_01 5509632 -121 4462009 996195 422389 63429 12606 1908
SW620_24h_12Glc_R3_PIM_SCAN_01 5401088 -121 4392824 1057339 1495027 275542 102630 14673
SW620_24h_cold_R2_PIM_SCAN_01 6552576 -116 5295862 1176826 498307 75830 14275 1418
SW620_24h_UGln_R1_PIM_SCAN_01 4819968 -125 3969989 879344 382344 97303 18092 5128
SW620_24h_UGln_R2_PIM_SCAN_01 5423616 -190 4303158 964907 428602 144868 29177 8479
SW620_24h_UGln_R3_PIM_SCAN_01 8388096 -148 6068383 2130287 914017 255619 49954 14611
SW620_6h_12Glc_R1_PIM_SCAN_01 953216 1240 802503 189093 226013 40932 19193 3152
SW620_6h_12Glc_R2_PIM_SCAN_01 991168 995 827430 197015 210856 37023 17629 3156
SW620_6h_12Glc_R3_PIM_SCAN_01 1347072 -45 1101349 261616 287150 54870 20876 3372
SW620_6h_UGln_R1_PIM_SCAN_01 1321984 -83 1116092 247787 111095 26691 9817 2625
SW620_6h_UGln_R2_PIM_SCAN_01 1452544 -44 1194607 267272 119647 29650 9091 2229
SW620_6h_UGln_R3_PIM_SCAN_01 897856 -68 721736 158962 79351 16845 7286 1612
END


relative_values,CDF_file: Max 260.1 261.1 262.1 263.1 264.1 265.1 266.1
SW620_24h_12Glc_R1_PIM_SCAN_01 4666880 0 1 0.2419 0.347 0.0657 0.0254 0.0034
SW620_24h_12Glc_R2_PIM_SCAN_01 5509632 0 1 0.2233 0.0947 0.0142 0.0028 4e-04
SW620_24h_12Glc_R3_PIM_SCAN_01 5401088 0 1 0.2407 0.3403 0.0627 0.0234 0.0033
SW620_24h_cold_R2_PIM_SCAN_01 6552576 0 1 0.2222 0.0941 0.0143 0.0027 3e-04
SW620_24h_UGln_R1_PIM_SCAN_01 4819968 0 1 0.2215 0.0963 0.0245 0.0046 0.0013
SW620_24h_UGln_R2_PIM_SCAN_01 5423616 0 1 0.2242 0.0996 0.0337 0.0068 0.002
SW620_24h_UGln_R3_PIM_SCAN_01 8388096 0 1 0.351 0.1506 0.0421 0.0082 0.0024
SW620_6h_12Glc_R1_PIM_SCAN_01 953216 0.0015 1 0.2356 0.2816 0.051 0.0239 0.0039
SW620_6h_12Glc_R2_PIM_SCAN_01 991168 0.0012 1 0.2381 0.2548 0.0447 0.0213 0.0038
SW620_6h_12Glc_R3_PIM_SCAN_01 1347072 0 1 0.2375 0.2607 0.0498 0.019 0.0031
SW620_6h_UGln_R1_PIM_SCAN_01 1321984 -1e-04 1 0.222 0.0995 0.0239 0.0088 0.0024
SW620_6h_UGln_R2_PIM_SCAN_01 1452544 0 1 0.2237 0.1002 0.0248 0.0076 0.0019
SW620_6h_UGln_R3_PIM_SCAN_01 897856 -1e-04 1 0.2202 0.1099 0.0233 0.0101 0.0022
