###	RAMID version 1.0: 7e5b4013a643c4a6b2ff63cfd722a126 2021-09-08 14:03:09 	***

SW620_24h_12Glc_R1_PIM_SCAN_01
RT(min): 14.919 c: 14.919
max_peak: 1446400 c: 1183232
mz: 273.2 274.2 275.2 276.2 277.2 278.2 279.2 280.2
5_timepoints: 0 1289753.6 325376 124353.6 20777.6 2833 251.4 199
base: 3401 3260 10043 2765 7329 1933 907 192
SW620_24h_12Glc_R2_PIM_SCAN_01
RT(min): 14.919 c: 14.919
max_peak: 1698816 c: 1421824
mz: 273.2 274.2 275.2 276.2 277.2 278.2 279.2 280.2
5_timepoints: 1401.8 1546240 382195.2 145284.8 22664 3831.6 809.4 109.2
base: 4020 4254 11972 3257 8213 2139 979 166
SW620_24h_12Glc_R3_PIM_SCAN_01
RT(min): 14.913 c: 14.913
max_peak: 2135552 c: 1787392
mz: 273.2 274.2 275.2 276.2 277.2 278.2 279.2 280.2
5_timepoints: 0 1914880 478553.6 180736 31534.4 4669.8 1027.8 353.2
base: 4555 4553 13948 4001 7682 1926 851 264
SW620_24h_cold_R2_PIM_SCAN_01
RT(min): 14.919 c: 14.919
max_peak: 1902080 c: 1544704
mz: 273.2 274.2 275.2 276.2 277.2 278.2 279.2 280.2
5_timepoints: 0 1678336 419993.6 158449.6 25814.4 4264.4 514.2 412
base: 3462 3475 8695 2613 6299 1775 764 232
SW620_24h_UGln_R1_PIM_SCAN_01
RT(min): 14.913 c: 14.913
max_peak: 1589248 c: 1345024
mz: 273.2 274.2 275.2 276.2 277.2 278.2 279.2 280.2
5_timepoints: 2157.4 1407283.2 346995.2 132931.2 21987.2 3763.8 803 6.6
base: 4484 4499 12611 3571 7201 1761 694 197
SW620_24h_UGln_R2_PIM_SCAN_01
RT(min): 14.913 c: 14.913
max_peak: 1391616 c: 1210368
mz: 273.2 274.2 275.2 276.2 277.2 278.2 279.2 280.2
5_timepoints: 0 1260134.4 316556.8 118321.6 20242.8 3556.8 638.8 176.6
base: 3563 3833 11437 3249 7511 1847 774 225
SW620_24h_UGln_R3_PIM_SCAN_01
RT(min): 14.913 c: 14.913
max_peak: 2512384 c: 2117120
mz: 273.2 274.2 275.2 276.2 277.2 278.2 279.2 280.2
5_timepoints: 0 2205798.4 548057.6 213017.6 33990.4 5769 933.2 391.4
base: 3808 4116 8559 2487 6910 1736 790 324
SW620_6h_12Glc_R1_PIM_SCAN_01
RT(min): 14.926 c: 14.926
max_peak: 809536 c: 659904
mz: 273.2 274.2 275.2 276.2 277.2 278.2 279.2 280.2
5_timepoints: 2069.8 732915.2 182476.8 69684.8 12582.2 1589.6 482 10.8
base: 3086 3348 9955 2463 6845 1620 861 168
SW620_6h_12Glc_R2_PIM_SCAN_01
RT(min): 14.925 c: 14.925
max_peak: 771008 c: 603776
mz: 273.2 274.2 275.2 276.2 277.2 278.2 279.2 280.2
5_timepoints: 0 686988.8 168960 65854.4 12125.2 2468.4 449.6 15
base: 3220 3342 9803 2857 6768 1689 772 186
SW620_6h_12Glc_R3_PIM_SCAN_01
RT(min): 14.925 c: 14.925
max_peak: 1187328 c: 984896
mz: 273.2 274.2 275.2 276.2 277.2 278.2 279.2 280.2
5_timepoints: 1496.6 1070771.2 272076.8 105297.6 18238.4 2603 291.4 11.4
base: 2617 2481 6431 1762 6828 1744 726 196
SW620_6h_UGln_R1_PIM_SCAN_01
RT(min): 14.926 c: 14.926
max_peak: 908352 c: 763136
mz: 273.2 274.2 275.2 276.2 277.2 278.2 279.2 280.2
5_timepoints: 2244.2 831398.4 206771.2 81153.6 13583.6 1977.4 436 166.8
base: 2385 2201 6430 1764 6594 1568 768 156
SW620_6h_UGln_R2_PIM_SCAN_01
RT(min): 14.932 c: 14.932
max_peak: 799232 c: 653056
mz: 273.2 274.2 275.2 276.2 277.2 278.2 279.2 280.2
5_timepoints: 0 699174.4 178163.2 66428.8 11659.4 1629.8 323.4 49.4
base: 2307 2413 6384 1818 6336 1688 762 131
SW620_6h_UGln_R3_PIM_SCAN_01
RT(min): 14.932 c: 14.932
max_peak: 757888 c: 626112
mz: 273.2 274.2 275.2 276.2 277.2 278.2 279.2 280.2
5_timepoints: 1241 693222.4 168000 66011.2 12277.6 1999.4 287.4 7.8
base: 2656 2577 7727 2042 6715 1751 782 214


absolute_values,CDF_file: Max 273.2 274.2 275.2 276.2 277.2 278.2 279.2 280.2
SW620_24h_12Glc_R1_PIM_SCAN_01 1446400 -3401 1286494 315333 121588 13448 900 -655 8
SW620_24h_12Glc_R2_PIM_SCAN_01 1698816 -2619 1541986 370223 142028 14451 1693 -170 -57
SW620_24h_12Glc_R3_PIM_SCAN_01 2135552 -4555 1910327 464606 176735 23852 2744 177 89
SW620_24h_cold_R2_PIM_SCAN_01 1902080 -3462 1674861 411299 155837 19515 2489 -249 180
SW620_24h_UGln_R1_PIM_SCAN_01 1589248 -2327 1402784 334385 129360 14787 2002 109 -191
SW620_24h_UGln_R2_PIM_SCAN_01 1391616 -3563 1256301 305120 115072 12731 1709 -136 -49
SW620_24h_UGln_R3_PIM_SCAN_01 2512384 -3808 2201683 539499 210530 27080 4033 144 67
SW620_6h_12Glc_R1_PIM_SCAN_01 809536 -1016 729568 172522 67221 5737 -31 -379 -157
SW620_6h_12Glc_R2_PIM_SCAN_01 771008 -3220 683646 159157 62998 5357 780 -322 -172
SW620_6h_12Glc_R3_PIM_SCAN_01 1187328 -1121 1068291 265646 103535 11411 859 -434 -184
SW620_6h_UGln_R1_PIM_SCAN_01 908352 -141 829198 200342 79389 6990 409 -332 11
SW620_6h_UGln_R2_PIM_SCAN_01 799232 -2307 696761 171779 64610 5324 -58 -438 -82
SW620_6h_UGln_R3_PIM_SCAN_01 757888 -1415 690645 160273 63969 5562 249 -494 -206
END


relative_values,CDF_file: Max 273.2 274.2 275.2 276.2 277.2 278.2 279.2 280.2
SW620_24h_12Glc_R1_PIM_SCAN_01 1446400 -0.0026 1 0.2451 0.0945 0.0105 7e-04 -5e-04 0
SW620_24h_12Glc_R2_PIM_SCAN_01 1698816 -0.0017 1 0.2401 0.0921 0.0094 0.0011 -1e-04 0
SW620_24h_12Glc_R3_PIM_SCAN_01 2135552 -0.0024 1 0.2432 0.0925 0.0125 0.0014 1e-04 0
SW620_24h_cold_R2_PIM_SCAN_01 1902080 -0.0021 1 0.2456 0.093 0.0117 0.0015 -1e-04 1e-04
SW620_24h_UGln_R1_PIM_SCAN_01 1589248 -0.0017 1 0.2384 0.0922 0.0105 0.0014 1e-04 -1e-04
SW620_24h_UGln_R2_PIM_SCAN_01 1391616 -0.0028 1 0.2429 0.0916 0.0101 0.0014 -1e-04 0
SW620_24h_UGln_R3_PIM_SCAN_01 2512384 -0.0017 1 0.245 0.0956 0.0123 0.0018 1e-04 0
SW620_6h_12Glc_R1_PIM_SCAN_01 809536 -0.0014 1 0.2365 0.0921 0.0079 0 -5e-04 -2e-04
SW620_6h_12Glc_R2_PIM_SCAN_01 771008 -0.0047 1 0.2328 0.0922 0.0078 0.0011 -5e-04 -3e-04
SW620_6h_12Glc_R3_PIM_SCAN_01 1187328 -0.001 1 0.2487 0.0969 0.0107 8e-04 -4e-04 -2e-04
SW620_6h_UGln_R1_PIM_SCAN_01 908352 -2e-04 1 0.2416 0.0957 0.0084 5e-04 -4e-04 0
SW620_6h_UGln_R2_PIM_SCAN_01 799232 -0.0033 1 0.2465 0.0927 0.0076 -1e-04 -6e-04 -1e-04
SW620_6h_UGln_R3_PIM_SCAN_01 757888 -0.002 1 0.2321 0.0926 0.0081 4e-04 -7e-04 -3e-04
