###	RAMID version 1.0: 7e5b4013a643c4a6b2ff63cfd722a126 2021-09-08 14:03:09 	***

SW620_24h_12Glc_R1_PIM_SCAN_01
RT(min): 34.742 c: 34.742
max_peak: 3202048 c: 71216
mz: 430.2 431.2 432.2 433.2 434.2 435.2 436.2 437.2 438.2 439.2
5_timepoints: 0 2718822.4 1003251.2 471334.4 112476.8 27890 5085.6 996.8 479.4 257.6
base: 153 3196 1390 703 472 123 64 70 38 168
SW620_24h_12Glc_R2_PIM_SCAN_01
RT(min): 34.742 c: 34.742
max_peak: 3852288 c: 90352
mz: 430.2 431.2 432.2 433.2 434.2 435.2 436.2 437.2 438.2 439.2
5_timepoints: 0 3263488 1202956.8 552153.6 134996.8 30960 5675 837.6 252.8 282
base: 165 3802 1535 827 586 208 155 50 58 173
SW620_24h_12Glc_R3_PIM_SCAN_01
RT(min): 34.742 c: 34.742
**** !?MAX_PEAK: 8388096 c: 189056
mz: 430.2 431.2 432.2 433.2 434.2 435.2 436.2 437.2 438.2 439.2
5_timepoints: 0 7096064 2743500.8 1278489.6 305036.8 75694.4 13797.6 2669.8 578.4 704.2
base: 197 8070 3293 1703 1052 457 251 136 86 149
SW620_24h_cold_R2_PIM_SCAN_01
RT(min): 34.742 c: 34.742
max_peak: 5751296 c: 131064
mz: 430.2 431.2 432.2 433.2 434.2 435.2 436.2 437.2 438.2 439.2
5_timepoints: 0 4741939.2 1726566.4 784486.4 184500.8 43888 8247.8 1632.4 443.4 815.8
base: 189 5826 2438 1212 742 257 274 71 107 180
SW620_24h_UGln_R1_PIM_SCAN_01
RT(min): 34.742 c: 34.742
max_peak: 3692544 c: 71456
mz: 430.2 431.2 432.2 433.2 434.2 435.2 436.2 437.2 438.2 439.2
5_timepoints: 0 2550784 948697.6 439974.4 164948.8 164460.8 3129139.2 978265.6 458188.8 95976
base: 250 3135 1379 883 699 548 4047 1719 811 483
SW620_24h_UGln_R2_PIM_SCAN_01
RT(min): 34.742 c: 34.742
max_peak: 1581568 c: 33960
mz: 430.2 431.2 432.2 433.2 434.2 435.2 436.2 437.2 438.2 439.2
5_timepoints: 0 1003737.6 372595.2 176070.4 67676.8 67475.2 1291225.6 404428.8 186393.6 41180.8
base: 182 1347 690 415 417 256 1675 686 432 249
SW620_24h_UGln_R3_PIM_SCAN_01
RT(min): 34.742 c: 34.742
max_peak: 7535616 c: 138176
mz: 430.2 431.2 432.2 433.2 434.2 435.2 436.2 437.2 438.2 439.2
5_timepoints: 0 5268889.6 1957990.4 916582.4 336947.2 337382.4 6439526.4 2005913.6 943782.4 192768
base: 202 5932 2402 1310 964 824 8306 3019 1475 583
SW620_6h_12Glc_R1_PIM_SCAN_01
RT(min): 34.749 c: 34.749
max_peak: 1723392 c: 38232
mz: 430.2 431.2 432.2 433.2 434.2 435.2 436.2 437.2 438.2 439.2
5_timepoints: 0 1492224 551846.4 254899.2 62219.2 13579.8 2782.4 745.4 177 93
base: 98 1876 888 466 373 115 67 44 33 91
SW620_6h_12Glc_R2_PIM_SCAN_01
RT(min): 34.755 c: 34.755
max_peak: 1592832 c: 37208
mz: 430.2 431.2 432.2 433.2 434.2 435.2 436.2 437.2 438.2 439.2
5_timepoints: 0 1344614.4 488601.6 223078.4 53524.8 12834 2503.2 519.6 98.6 299.6
base: 144 1878 1048 489 427 100 63 19 6 96
SW620_6h_12Glc_R3_PIM_SCAN_01
RT(min): 34.749 c: 34.749
max_peak: 3045376 c: 66568
mz: 430.2 431.2 432.2 433.2 434.2 435.2 436.2 437.2 438.2 439.2
5_timepoints: 0 2617446.4 956876.8 435699.2 105667.2 24448 4274.6 593.6 134.6 373.6
base: 138 2832 1166 646 420 143 54 47 44 102
SW620_6h_UGln_R1_PIM_SCAN_01
RT(min): 34.743 c: 34.743
max_peak: 1592832 c: 28360
mz: 430.2 431.2 432.2 433.2 434.2 435.2 436.2 437.2 438.2 439.2
5_timepoints: 0 956723.2 355340.8 168184 47337.6 57707.2 1266073.6 394227.2 182672 40046.4
base: 129 1198 599 346 377 252 1507 644 315 159
SW620_6h_UGln_R2_PIM_SCAN_01
RT(min): 34.767 c: 34.767
max_peak: 166848 c: 3299
mz: 430.2 431.2 432.2 433.2 434.2 435.2 436.2 437.2 438.2 439.2
5_timepoints: 200.6 120088 45249.6 20259.2 6046.2 5497.8 144763.2 44308.8 22227.2 4646.2
base: 25 410 198 108 218 50 442 172 85 62
SW620_6h_UGln_R3_PIM_SCAN_01
RT(min): 34.755 c: 34.755
max_peak: 496256 c: 14844
mz: 430.2 431.2 432.2 433.2 434.2 435.2 436.2 437.2 438.2 439.2
5_timepoints: 0 361305.6 134739.2 62612.8 18500.2 19739.4 421875.2 133233.6 64555.2 12788.8
base: 102 749 284 229 276 116 882 281 151 86


absolute_values,CDF_file: Max 430.2 431.2 432.2 433.2 434.2 435.2 436.2 437.2 438.2 439.2
SW620_24h_12Glc_R1_PIM_SCAN_01 3202048 -153 2715627 1001861 470631 112005 27767 5021 927 441 89
SW620_24h_12Glc_R2_PIM_SCAN_01 3852288 -165 3259686 1201422 551326 134411 30752 5520 788 194 109
SW620_24h_12Glc_R3_PIM_SCAN_01 8388096 -197 7087994 2740208 1276787 303985 75237 13547 2533 493 556
SW620_24h_cold_R2_PIM_SCAN_01 5751296 -189 4736113 1724128 783274 183759 43631 7973 1562 336 636
SW620_24h_UGln_R1_PIM_SCAN_01 3692544 -250 2547649 947319 439091 164250 163912 3125092 976547 457378 95493
SW620_24h_UGln_R2_PIM_SCAN_01 1581568 -182 1002391 371905 175655 67260 67219 1289550 403743 185961 40932
SW620_24h_UGln_R3_PIM_SCAN_01 7535616 -202 5262958 1955589 915272 335984 336559 6431221 2002894 942307 192185
SW620_6h_12Glc_R1_PIM_SCAN_01 1723392 -98 1490348 550958 254433 61846 13465 2716 701 144 2
SW620_6h_12Glc_R2_PIM_SCAN_01 1592832 -144 1342737 487554 222589 53098 12734 2440 501 93 203
SW620_6h_12Glc_R3_PIM_SCAN_01 3045376 -138 2614614 955711 435053 105247 24305 4221 547 91 272
SW620_6h_UGln_R1_PIM_SCAN_01 1592832 -129 955525 354742 167838 46961 57455 1264567 393583 182357 39888
SW620_6h_UGln_R2_PIM_SCAN_01 166848 176 119678 45052 20151 5828 5448 144322 44137 22142 4585
SW620_6h_UGln_R3_PIM_SCAN_01 496256 -102 360557 134455 62384 18224 19623 420993 132953 64404 12703
END


relative_values,CDF_file: Max 430.2 431.2 432.2 433.2 434.2 435.2 436.2 437.2 438.2 439.2
SW620_24h_12Glc_R1_PIM_SCAN_01 3202048 -1e-04 1 0.3689 0.1733 0.0412 0.0102 0.0018 3e-04 2e-04 0
SW620_24h_12Glc_R2_PIM_SCAN_01 3852288 -1e-04 1 0.3686 0.1691 0.0412 0.0094 0.0017 2e-04 1e-04 0
SW620_24h_12Glc_R3_PIM_SCAN_01 8388096 0 1 0.3866 0.1801 0.0429 0.0106 0.0019 4e-04 1e-04 1e-04
SW620_24h_cold_R2_PIM_SCAN_01 5751296 0 1 0.364 0.1654 0.0388 0.0092 0.0017 3e-04 1e-04 1e-04
SW620_24h_UGln_R1_PIM_SCAN_01 3692544 -1e-04 0.8152 0.3031 0.1405 0.0526 0.0525 1 0.3125 0.1464 0.0306
SW620_24h_UGln_R2_PIM_SCAN_01 1581568 -1e-04 0.7773 0.2884 0.1362 0.0522 0.0521 1 0.3131 0.1442 0.0317
SW620_24h_UGln_R3_PIM_SCAN_01 7535616 0 0.8183 0.3041 0.1423 0.0522 0.0523 1 0.3114 0.1465 0.0299
SW620_6h_12Glc_R1_PIM_SCAN_01 1723392 -1e-04 1 0.3697 0.1707 0.0415 0.009 0.0018 5e-04 1e-04 0
SW620_6h_12Glc_R2_PIM_SCAN_01 1592832 -1e-04 1 0.3631 0.1658 0.0395 0.0095 0.0018 4e-04 1e-04 2e-04
SW620_6h_12Glc_R3_PIM_SCAN_01 3045376 -1e-04 1 0.3655 0.1664 0.0403 0.0093 0.0016 2e-04 0 1e-04
SW620_6h_UGln_R1_PIM_SCAN_01 1592832 -1e-04 0.7556 0.2805 0.1327 0.0371 0.0454 1 0.3112 0.1442 0.0315
SW620_6h_UGln_R2_PIM_SCAN_01 166848 0.0012 0.8292 0.3122 0.1396 0.0404 0.0377 1 0.3058 0.1534 0.0318
SW620_6h_UGln_R3_PIM_SCAN_01 496256 -2e-04 0.8564 0.3194 0.1482 0.0433 0.0466 1 0.3158 0.153 0.0302
