###	RAMID version 1.0: 7e5b4013a643c4a6b2ff63cfd722a126 2021-09-08 14:03:09 	***

SW620_24h_12Glc_R1_PIM_SCAN_01
RT(min): 26.035 c: 26.035
max_peak: 761984 c: 38800
mz: 418.2 419.2 420.2 421.2 422.2 423.2 424.2 425.2
5_timepoints: 0 722073.6 263884.8 164006.4 47510.4 13451.8 3263 1572
base: 70 3734 1728 1238 382 234 33 971
SW620_24h_12Glc_R2_PIM_SCAN_01
RT(min): 26.035 c: 26.035
max_peak: 991744 c: 48656
mz: 418.2 419.2 420.2 421.2 422.2 423.2 424.2 425.2
5_timepoints: 0 954649.6 340915.2 155392 38449.6 9271.4 1926 1621.8
base: 233 6431 2696 1467 415 326 176 1115
SW620_24h_12Glc_R3_PIM_SCAN_01
RT(min): 26.029 c: 26.029
max_peak: 1341952 c: 65304
mz: 418.2 419.2 420.2 421.2 422.2 423.2 424.2 425.2
5_timepoints: 0 1228492.8 451494.4 277683.2 77545.6 26340.8 4829.6 3333.2
base: 235 8829 3925 2425 856 449 165 1627
SW620_24h_cold_R2_PIM_SCAN_01
RT(min): 26.029 c: 26.029
max_peak: 1164800 c: 50824
mz: 418.2 419.2 420.2 421.2 422.2 423.2 424.2 425.2
5_timepoints: 0 1072563.2 368294.4 177382.4 39772.8 9644.4 2406.6 2042.2
base: 169 8040 4319 1913 592 222 107 1522
SW620_24h_UGln_R1_PIM_SCAN_01
RT(min): 26.023 c: 26.023
max_peak: 643008 c: 29120
mz: 418.2 419.2 420.2 421.2 422.2 423.2 424.2 425.2
5_timepoints: 583.2 597977.6 259545.6 249088 138385.6 517632 159808 75152
base: 239 3143 1667 1678 971 4053 1636 1914
SW620_24h_UGln_R2_PIM_SCAN_01
RT(min): 26.023 c: 26.023
max_peak: 408512 c: 15643
mz: 418.2 419.2 420.2 421.2 422.2 423.2 424.2 425.2
5_timepoints: 222.4 380416 165107.2 159257.6 88286.4 324582.4 98601.6 48134.4
base: 95 1809 892 905 651 2198 994 1377
SW620_24h_UGln_R3_PIM_SCAN_01
RT(min): 26.023 c: 26.023
max_peak: 807040 c: 42112
mz: 418.2 419.2 420.2 421.2 422.2 423.2 424.2 425.2
5_timepoints: 0 757824 335692.8 315084.8 168486.4 626982.4 197184 94019.2
base: 220 5261 2856 2940 1755 6579 2570 2739
SW620_6h_12Glc_R1_PIM_SCAN_01
RT(min): 26.035 c: 26.035
max_peak: 509952 c: 22168
mz: 418.2 419.2 420.2 421.2 422.2 423.2 424.2 425.2
5_timepoints: 610.8 474368 167193.6 87072 21860.8 5937.8 1294.4 1260.6
base: 74 2555 1306 617 244 99 36 743
SW620_6h_12Glc_R2_PIM_SCAN_01
RT(min): 26.035 c: 26.035
max_peak: 452160 c: 21984
mz: 418.2 419.2 420.2 421.2 422.2 423.2 424.2 425.2
5_timepoints: 0 429235.2 155827.2 79819.2 20508.8 6151.4 1188 1095.8
base: 73 1631 780 433 125 71 11 668
SW620_6h_12Glc_R3_PIM_SCAN_01
RT(min): 26.029 c: 26.029
max_peak: 501120 c: 23720
mz: 418.2 419.2 420.2 421.2 422.2 423.2 424.2 425.2
5_timepoints: 663.6 472832 165465.6 89896 21657.4 6432.8 1238.4 1039.6
base: 107 1425 537 353 151 26 24 669
SW620_6h_UGln_R1_PIM_SCAN_01
RT(min): 26.035 c: 26.035
max_peak: 273216 c: 14353
mz: 418.2 419.2 420.2 421.2 422.2 423.2 424.2 425.2
5_timepoints: 260.8 257510.4 95289.6 76600 58929.6 234227.2 72625.6 33956.8
base: 91 965 550 501 407 1588 728 949
SW620_6h_UGln_R2_PIM_SCAN_01
RT(min): 26.035 c: 26.035
max_peak: 199872 c: 11578
mz: 418.2 419.2 420.2 421.2 422.2 423.2 424.2 425.2
5_timepoints: 0 185843.2 70676.8 59864 43672 171136 53425.6 25460.8
base: 42 836 351 461 286 1027 469 646
SW620_6h_UGln_R3_PIM_SCAN_01
RT(min): 26.041 c: 26.041
max_peak: 248448 c: 11996
mz: 418.2 419.2 420.2 421.2 422.2 423.2 424.2 425.2
5_timepoints: 402.4 224601.6 86604.8 66662.4 48504 181683.2 57500.8 27368
base: 51 1559 568 721 467 2090 728 839


absolute_values,CDF_file: Max 418.2 419.2 420.2 421.2 422.2 423.2 424.2 425.2
SW620_24h_12Glc_R1_PIM_SCAN_01 761984 -70 718340 262156 162769 47128 13217 3230 601
SW620_24h_12Glc_R2_PIM_SCAN_01 991744 -233 948218 338219 153925 38035 8945 1750 506
SW620_24h_12Glc_R3_PIM_SCAN_01 1341952 -235 1219664 447569 275258 76690 25892 4665 1706
SW620_24h_cold_R2_PIM_SCAN_01 1164800 -169 1064523 363975 175469 39181 9422 2299 521
SW620_24h_UGln_R1_PIM_SCAN_01 643008 345 594835 257879 247410 137414 513579 158172 73238
SW620_24h_UGln_R2_PIM_SCAN_01 408512 127 378607 164216 158353 87635 322385 97607 46758
SW620_24h_UGln_R3_PIM_SCAN_01 807040 -220 752563 332837 312145 166731 620404 194614 91280
SW620_6h_12Glc_R1_PIM_SCAN_01 509952 537 471813 165888 86455 21617 5839 1258 518
SW620_6h_12Glc_R2_PIM_SCAN_01 452160 -73 427604 155047 79386 20384 6080 1177 428
SW620_6h_12Glc_R3_PIM_SCAN_01 501120 556 471407 164929 89543 21506 6407 1214 371
SW620_6h_UGln_R1_PIM_SCAN_01 273216 170 256545 94740 76099 58523 232640 71898 33007
SW620_6h_UGln_R2_PIM_SCAN_01 199872 -42 185007 70325 59403 43386 170109 52957 24815
SW620_6h_UGln_R3_PIM_SCAN_01 248448 351 223043 86037 65942 48037 179593 56773 26529
END


relative_values,CDF_file: Max 418.2 419.2 420.2 421.2 422.2 423.2 424.2 425.2
SW620_24h_12Glc_R1_PIM_SCAN_01 761984 -1e-04 1 0.3649 0.2266 0.0656 0.0184 0.0045 8e-04
SW620_24h_12Glc_R2_PIM_SCAN_01 991744 -2e-04 1 0.3567 0.1623 0.0401 0.0094 0.0018 5e-04
SW620_24h_12Glc_R3_PIM_SCAN_01 1341952 -2e-04 1 0.367 0.2257 0.0629 0.0212 0.0038 0.0014
SW620_24h_cold_R2_PIM_SCAN_01 1164800 -2e-04 1 0.3419 0.1648 0.0368 0.0089 0.0022 5e-04
SW620_24h_UGln_R1_PIM_SCAN_01 643008 6e-04 1 0.4335 0.4159 0.231 0.8634 0.2659 0.1231
SW620_24h_UGln_R2_PIM_SCAN_01 408512 3e-04 1 0.4337 0.4183 0.2315 0.8515 0.2578 0.1235
SW620_24h_UGln_R3_PIM_SCAN_01 807040 -3e-04 1 0.4423 0.4148 0.2216 0.8244 0.2586 0.1213
SW620_6h_12Glc_R1_PIM_SCAN_01 509952 0.0011 1 0.3516 0.1832 0.0458 0.0124 0.0027 0.0011
SW620_6h_12Glc_R2_PIM_SCAN_01 452160 -2e-04 1 0.3626 0.1857 0.0477 0.0142 0.0028 0.001
SW620_6h_12Glc_R3_PIM_SCAN_01 501120 0.0012 1 0.3499 0.1899 0.0456 0.0136 0.0026 8e-04
SW620_6h_UGln_R1_PIM_SCAN_01 273216 7e-04 1 0.3693 0.2966 0.2281 0.9068 0.2803 0.1287
SW620_6h_UGln_R2_PIM_SCAN_01 199872 -2e-04 1 0.3801 0.3211 0.2345 0.9195 0.2862 0.1341
SW620_6h_UGln_R3_PIM_SCAN_01 248448 0.0016 1 0.3857 0.2956 0.2154 0.8052 0.2545 0.1189
