time(h): 0 6 24 -1
name: Lactate,0,2
t= 6 mean: 0.9805 -2e-04 0.0086 0.0074 0.9963
sd: 0.004 0.002 0.006 0.002
t= 24 mean: 0.9413 0.0368 0.0102 0.0116 0.9999
sd: 0.072 0.063 0.012 0.005
name: Alanine_C1C3,0,2
t= 6 mean: 0.9487 0.0041 0.0105 0.0346 0.9979
sd: 0.006 0.006 0.003 0.002
t= 24 mean: 0.9675 0.0032 0.0054 0.0238 0.9999
sd: 0.002 0.001 0 0.001
name: Alanine_C2C3,1,2
t= 6 mean: 0.9449 0.0122 0.0442 1.0013
sd: 0.006 0.004 0.002
t= 24 mean: 0.9753 0.0019 0.022 0.9992
sd: 0.014 0.011 0.004
name: Aspartate_C1C4,0,3
t= 6 mean: 0.4922 0.0153 0.0591 0.0675 0.3631 0.9972
sd: 0.013 0.001 0.002 0.003 0.01
t= 24 mean: 0.4905 0.0396 0.0973 0.0473 0.3239 0.9986
sd: 0.001 0.004 0.002 0.002 0.004
name: Aspartate_C2C4,1,3
t= 6 mean: 0.4877 0.0531 0.0647 0.3924 0.9979
sd: 0.01 0.004 0.006 0.011
t= 24 mean: 0.4839 0.0909 0.0785 0.3431 0.9964
sd: 0.006 0.002 0.002 0.009
name: Citrate,0,5
t= 6 mean: 0.4781 0.0251 0.0647 0.0651 0.2995 0.0491 0.0194 1.001
sd: 0.025 0.008 0.01 0.009 0.025 0.005 0.006
t= 24 mean: 0.4754 0.0459 0.0999 0.0507 0.2982 0.0217 0.0071 0.9989
sd: 0.008 0.005 0.003 0.003 0.008 0.001 0.003
name: Fumarate,0,3
t= 6 mean: 0.5378 0.003 0.0471 0.056 0.3619 1.0058
sd: 0.04 0.013 0.009 0.007 0.017
t= 24 mean: 0.4864 0.0311 0.1009 0.0445 0.3362 0.9991
sd: 0.004 0.002 0.003 0.001 0.003
name: Glutamate,0,4
t= 6 mean: 0.5786 0.0062 -0.1752 0.069 0.0191 0.5024 1.0001
sd: 0.027 0.004 0.035 0.001 0.001 0.018
t= 24 mean: 0.513 0.0351 -0.0613 0.1021 0.0161 0.3943 0.9993
sd: 0.029 0.013 0.008 0.003 0 0.014
name: Malate,0,3
t= 6 mean: 0.4882 0.0228 0.0553 0.067 0.3652 0.9985
sd: 0.016 0.004 0.005 0.002 0.016
t= 24 mean: 0.4696 0.0493 0.0952 0.0477 0.3367 0.9985
sd: 0.004 0.003 0.001 0.002 0.005
name: Serine_C1C3,0,2
t= 6 mean: 1.0054 -0.012 0.006 1e-04 0.9995
sd: 0.004 0.002 0.005 0.001
t= 24 mean: 1.0047 -0.0057 -1e-04 4e-04 0.9993
sd: 0.004 0.002 0.004 0.001
name: Serine_C2C3,1,2
t= 6 mean: 1.0064 -0.0072 1e-04 0.9993
sd: 0.008 0.007 0.003
t= 24 mean: 1.0056 -0.0062 -9e-04 0.9985
sd: 0.003 0.003 0.001
tracer Glutamin 31 1.0
