###	RAMID version 1.0: 7e5b4013a643c4a6b2ff63cfd722a126 2021-09-08 14:03:09 	***

SW620_24h_12Glc_R1_PIM_SCAN_01
RT(min): 21.806 c: 21.806
max_peak: 144192 c: 167104
mz: 319.2 320.2 321.2 322.2 323.2 324.2 325.2 326.2 327.2
5_timepoints: 0 131932.8 35891.2 19980.8 4784.8 2222.4 998.4 518 1424.4
base: 1866 2566 856 454 430 628 776 413 2134
SW620_24h_12Glc_R2_PIM_SCAN_01
RT(min): 21.806 c: 21.806
max_peak: 156608 c: 194688
mz: 319.2 320.2 321.2 322.2 323.2 324.2 325.2 326.2 327.2
5_timepoints: 960 148800 36297.6 20200.2 4078.8 2153.6 1053.4 807.8 2178.8
base: 2040 2367 913 641 537 969 780 613 2557
SW620_24h_12Glc_R3_PIM_SCAN_01
RT(min): 21.788 c: 21.788
max_peak: 243392 c: 303296
mz: 319.2 320.2 321.2 322.2 323.2 324.2 325.2 326.2 327.2
5_timepoints: 278.6 230323.2 62870.4 37779.2 7928.4 3424.2 1136.4 633 3138.4
base: 2386 5165 1683 928 626 2120 1245 733 2683
SW620_24h_cold_R2_PIM_SCAN_01
RT(min): 21.788 c: 21.788
max_peak: 189248 c: 224000
mz: 319.2 320.2 321.2 322.2 323.2 324.2 325.2 326.2 327.2
5_timepoints: 1159 178931.2 44940.8 25179.2 6684.2 1558.8 1127.8 496.4 2186.8
base: 2322 2203 908 510 489 2147 1205 601 2342
SW620_24h_UGln_R1_PIM_SCAN_01
RT(min): 21.788 c: 21.788
max_peak: 160000 c: 203008
mz: 319.2 320.2 321.2 322.2 323.2 324.2 325.2 326.2 327.2
5_timepoints: 625.8 152102.4 40948.8 22772.8 4218.8 1971.4 1217.4 629.8 2313.2
base: 2206 2807 944 576 530 1603 1058 709 2760
SW620_24h_UGln_R2_PIM_SCAN_01
RT(min): 21.794 c: 21.794
max_peak: 142592 c: 165056
mz: 319.2 320.2 321.2 322.2 323.2 324.2 325.2 326.2 327.2
5_timepoints: 588 129987.2 33216 19792 3395.6 972.4 1094.8 526.6 2464.4
base: 1810 1953 883 490 481 664 846 572 2433
SW620_24h_UGln_R3_PIM_SCAN_01
RT(min): 21.788 c: 21.788
max_peak: 270208 c: 332416
mz: 319.2 320.2 321.2 322.2 323.2 324.2 325.2 326.2 327.2
5_timepoints: 468.2 253350.4 67777.6 37987.2 6760.6 2280.8 1354.8 230.8 2781.2
base: 2840 4246 1218 895 604 1857 1425 901 3666
SW620_6h_12Glc_R1_PIM_SCAN_01
RT(min): 21.819 c: 21.819
max_peak: 79040 c: 93768
mz: 319.2 320.2 321.2 322.2 323.2 324.2 325.2 326.2 327.2
5_timepoints: 527.8 72752 18739.4 10618.4 2620.6 1681.8 677.8 243.8 1515
base: 685 1020 364 240 384 323 533 423 1885
SW620_6h_12Glc_R2_PIM_SCAN_01
RT(min): 21.819 c: 21.819
max_peak: 73864 c: 94024
mz: 319.2 320.2 321.2 322.2 323.2 324.2 325.2 326.2 327.2
5_timepoints: 620.4 66675.2 17964.2 9357.8 2597.8 1093 749.4 216.4 1595.2
base: 702 779 349 279 388 322 601 415 1931
SW620_6h_12Glc_R3_PIM_SCAN_01
RT(min): 21.819 c: 21.819
max_peak: 108640 c: 135808
mz: 319.2 320.2 321.2 322.2 323.2 324.2 325.2 326.2 327.2
5_timepoints: 1120.8 102697.6 26017.6 14401.8 3668.4 1201 588.4 319.8 1549
base: 861 1193 626 375 375 399 589 344 1958
SW620_6h_UGln_R1_PIM_SCAN_01
RT(min): 21.813 c: 21.813
max_peak: 79544 c: 95640
mz: 319.2 320.2 321.2 322.2 323.2 324.2 325.2 326.2 327.2
5_timepoints: 294.8 70337.6 18254 10305.4 2609.2 1129.2 541.6 305.8 1661.6
base: 763 804 339 232 297 267 546 354 1928
SW620_6h_UGln_R2_PIM_SCAN_01
RT(min): 21.831 c: 21.831
max_peak: 58416 c: 68016
mz: 319.2 320.2 321.2 322.2 323.2 324.2 325.2 326.2 327.2
5_timepoints: 822.4 53667.2 13245.8 8484 1967.6 543.8 462.6 118.2 1358.8
base: 632 676 358 199 339 171 463 315 1752
SW620_6h_UGln_R3_PIM_SCAN_01
RT(min): 21.831 c: 21.831
max_peak: 62784 c: 72696
mz: 319.2 320.2 321.2 322.2 323.2 324.2 325.2 326.2 327.2
5_timepoints: 349 58268.8 15237.8 7361.2 1527.8 782 464.2 92.6 1402
base: 579 698 349 206 392 173 452 275 1869


absolute_values,CDF_file: Max 319.2 320.2 321.2 322.2 323.2 324.2 325.2 326.2 327.2
SW620_24h_12Glc_R1_PIM_SCAN_01 144192 -1866 129367 35035 19527 4355 1595 222 105 -709
SW620_24h_12Glc_R2_PIM_SCAN_01 156608 -1080 146433 35384 19559 3542 1184 273 195 -378
SW620_24h_12Glc_R3_PIM_SCAN_01 243392 -2107 225158 61188 36852 7303 1305 -109 -100 455
SW620_24h_cold_R2_PIM_SCAN_01 189248 -1163 176728 44032 24670 6195 -588 -77 -105 -155
SW620_24h_UGln_R1_PIM_SCAN_01 160000 -1580 149295 40005 22197 3689 368 160 -79 -447
SW620_24h_UGln_R2_PIM_SCAN_01 142592 -1222 128034 32333 19302 2914 308 249 -46 32
SW620_24h_UGln_R3_PIM_SCAN_01 270208 -2372 249104 66560 37093 6157 424 -70 -670 -884
SW620_6h_12Glc_R1_PIM_SCAN_01 79040 -158 71732 18375 10379 2237 1359 145 -179 -370
SW620_6h_12Glc_R2_PIM_SCAN_01 73864 -82 65896 17615 9079 2210 771 148 -199 -336
SW620_6h_12Glc_R3_PIM_SCAN_01 108640 260 101504 25391 14027 3294 802 -1 -24 -409
SW620_6h_UGln_R1_PIM_SCAN_01 79544 -468 69533 17915 10073 2312 862 -4 -49 -266
SW620_6h_UGln_R2_PIM_SCAN_01 58416 190 52992 12888 8285 1629 373 0 -197 -394
SW620_6h_UGln_R3_PIM_SCAN_01 62784 -230 57571 14889 7156 1135 609 12 -183 -467
END


relative_values,CDF_file: Max 319.2 320.2 321.2 322.2 323.2 324.2 325.2 326.2 327.2
SW620_24h_12Glc_R1_PIM_SCAN_01 144192 -0.0144 1 0.2708 0.1509 0.0337 0.0123 0.0017 8e-04 -0.0055
SW620_24h_12Glc_R2_PIM_SCAN_01 156608 -0.0074 1 0.2416 0.1336 0.0242 0.0081 0.0019 0.0013 -0.0026
SW620_24h_12Glc_R3_PIM_SCAN_01 243392 -0.0094 1 0.2718 0.1637 0.0324 0.0058 -5e-04 -4e-04 0.002
SW620_24h_cold_R2_PIM_SCAN_01 189248 -0.0066 1 0.2492 0.1396 0.0351 -0.0033 -4e-04 -6e-04 -9e-04
SW620_24h_UGln_R1_PIM_SCAN_01 160000 -0.0106 1 0.268 0.1487 0.0247 0.0025 0.0011 -5e-04 -0.003
SW620_24h_UGln_R2_PIM_SCAN_01 142592 -0.0095 1 0.2525 0.1508 0.0228 0.0024 0.0019 -4e-04 2e-04
SW620_24h_UGln_R3_PIM_SCAN_01 270208 -0.0095 1 0.2672 0.1489 0.0247 0.0017 -3e-04 -0.0027 -0.0035
SW620_6h_12Glc_R1_PIM_SCAN_01 79040 -0.0022 1 0.2562 0.1447 0.0312 0.0189 0.002 -0.0025 -0.0052
SW620_6h_12Glc_R2_PIM_SCAN_01 73864 -0.0012 1 0.2673 0.1378 0.0335 0.0117 0.0022 -0.003 -0.0051
SW620_6h_12Glc_R3_PIM_SCAN_01 108640 0.0026 1 0.2501 0.1382 0.0325 0.0079 0 -2e-04 -0.004
SW620_6h_UGln_R1_PIM_SCAN_01 79544 -0.0067 1 0.2576 0.1449 0.0333 0.0124 -1e-04 -7e-04 -0.0038
SW620_6h_UGln_R2_PIM_SCAN_01 58416 0.0036 1 0.2432 0.1563 0.0307 0.007 0 -0.0037 -0.0074
SW620_6h_UGln_R3_PIM_SCAN_01 62784 -0.004 1 0.2586 0.1243 0.0197 0.0106 2e-04 -0.0032 -0.0081
