###	RAMID version 1.0: 7e5b4013a643c4a6b2ff63cfd722a126 2021-09-08 14:03:09 	***

SW620_24h_12Glc_R1_PIM_SCAN_01
RT(min): 21.813 c: 21.813
max_peak: 176384 c: 140224
mz: 291.2 292.2 293.2 294.2 295.2 296.2 297.2 298.2
5_timepoints: 356 165670.4 37833.6 25443.2 4772.6 3302.2 1445 3010.2
base: 443 1518 556 541 617 2312 1423 4655
SW620_24h_12Glc_R2_PIM_SCAN_01
RT(min): 21.806 c: 21.806
max_peak: 194688 c: 156608
mz: 291.2 292.2 293.2 294.2 295.2 296.2 297.2 298.2
5_timepoints: 139.6 185075.2 44139.2 24582.4 5026.4 3011.6 1185.6 2979.4
base: 491 1837 691 605 806 2379 1555 4409
SW620_24h_12Glc_R3_PIM_SCAN_01
RT(min): 21.788 c: 21.788
max_peak: 303296 c: 243392
mz: 291.2 292.2 293.2 294.2 295.2 296.2 297.2 298.2
5_timepoints: 510.6 293286.4 72884.8 43692.8 9220.6 4919.6 2137 3593.2
base: 520 1930 777 892 850 3207 1964 5352
SW620_24h_cold_R2_PIM_SCAN_01
RT(min): 21.794 c: 21.794
max_peak: 233600 c: 188032
mz: 291.2 292.2 293.2 294.2 295.2 296.2 297.2 298.2
5_timepoints: 208.4 215692.8 53348.8 30865.6 6297.4 3040.2 1800.2 3246.4
base: 455 2242 779 820 759 2694 1979 4210
SW620_24h_UGln_R1_PIM_SCAN_01
RT(min): 21.788 c: 21.788
max_peak: 203008 c: 160000
mz: 291.2 292.2 293.2 294.2 295.2 296.2 297.2 298.2
5_timepoints: 529 189273.6 47644.8 27936 6161.6 3774.6 1948.6 2635.6
base: 793 1541 700 706 717 2937 1874 4217
SW620_24h_UGln_R2_PIM_SCAN_01
RT(min): 21.8 c: 21.8
max_peak: 181056 c: 141312
mz: 291.2 292.2 293.2 294.2 295.2 296.2 297.2 298.2
5_timepoints: 545.4 160051.2 37537.6 22363.2 4691.8 2282.4 1210.8 1788.4
base: 670 1790 720 597 632 1377 1525 3136
SW620_24h_UGln_R3_PIM_SCAN_01
RT(min): 21.788 c: 21.788
max_peak: 332416 c: 270208
mz: 291.2 292.2 293.2 294.2 295.2 296.2 297.2 298.2
5_timepoints: 1134 309644.8 75881.6 44043.2 8823.4 3869.2 2006 3875.2
base: 943 2577 1127 1061 1071 2832 2111 4400
SW620_6h_12Glc_R1_PIM_SCAN_01
RT(min): 21.825 c: 21.825
max_peak: 95288 c: 74376
mz: 291.2 292.2 293.2 294.2 295.2 296.2 297.2 298.2
5_timepoints: 262.8 90043.2 22075.2 14065.8 2622.4 1632 748 1546.2
base: 274 1017 435 450 549 1094 1005 3029
SW620_6h_12Glc_R2_PIM_SCAN_01
RT(min): 21.825 c: 21.825
max_peak: 95040 c: 69608
mz: 291.2 292.2 293.2 294.2 295.2 296.2 297.2 298.2
5_timepoints: 450.4 87440 21451.2 13056.6 2329 1775 787.8 1568.4
base: 232 700 298 300 498 1295 1014 3001
SW620_6h_12Glc_R3_PIM_SCAN_01
RT(min): 21.813 c: 21.813
max_peak: 138880 c: 101152
mz: 291.2 292.2 293.2 294.2 295.2 296.2 297.2 298.2
5_timepoints: 159.8 129870.4 33412.8 17365 4145.6 2499.6 834 2129.6
base: 258 594 255 398 545 1607 1143 3141
SW620_6h_UGln_R1_PIM_SCAN_01
RT(min): 21.825 c: 21.825
max_peak: 111872 c: 73560
mz: 291.2 292.2 293.2 294.2 295.2 296.2 297.2 298.2
5_timepoints: 735.6 98668.8 23752 14360 2325.2 1738.8 762.4 2020.8
base: 393 922 518 469 533 1454 1067 3352
SW620_6h_UGln_R2_PIM_SCAN_01
RT(min): 21.838 c: 21.838
max_peak: 76168 c: 53120
mz: 291.2 292.2 293.2 294.2 295.2 296.2 297.2 298.2
5_timepoints: 444 67990.4 16675 9307.8 2153.2 1047 745.8 1051.4
base: 434 453 235 193 391 780 779 1815
SW620_6h_UGln_R3_PIM_SCAN_01
RT(min): 21.838 c: 21.838
max_peak: 76496 c: 61632
mz: 291.2 292.2 293.2 294.2 295.2 296.2 297.2 298.2
5_timepoints: 569.4 71600 17002.2 10210.2 2231.8 1318.2 950 1419.4
base: 423 387 314 316 482 1008 899 2328


absolute_values,CDF_file: Max 291.2 292.2 293.2 294.2 295.2 296.2 297.2 298.2
SW620_24h_12Glc_R1_PIM_SCAN_01 176384 -87 164153 37278 24902 4156 990 22 -1645
SW620_24h_12Glc_R2_PIM_SCAN_01 194688 -352 183238 43449 23977 4221 633 -369 -1430
SW620_24h_12Glc_R3_PIM_SCAN_01 303296 -9 291356 72107 42801 8370 1712 173 -1758
SW620_24h_cold_R2_PIM_SCAN_01 233600 -247 213451 52570 30045 5538 346 -179 -963
SW620_24h_UGln_R1_PIM_SCAN_01 203008 -264 187733 46944 27230 5444 837 74 -1582
SW620_24h_UGln_R2_PIM_SCAN_01 181056 -125 158261 36817 21766 4059 905 -314 -1347
SW620_24h_UGln_R3_PIM_SCAN_01 332416 191 307068 74754 42982 7752 1037 -105 -525
SW620_6h_12Glc_R1_PIM_SCAN_01 95288 -11 89026 21640 13616 2074 538 -257 -1482
SW620_6h_12Glc_R2_PIM_SCAN_01 95040 218 86740 21153 12756 1831 480 -226 -1433
SW620_6h_12Glc_R3_PIM_SCAN_01 138880 -98 129276 33157 16968 3600 893 -309 -1012
SW620_6h_UGln_R1_PIM_SCAN_01 111872 343 97747 23234 13891 1792 285 -304 -1331
SW620_6h_UGln_R2_PIM_SCAN_01 76168 10 67538 16440 9115 1763 267 -33 -764
SW620_6h_UGln_R3_PIM_SCAN_01 76496 146 71213 16688 9894 1750 310 51 -909
END


relative_values,CDF_file: Max 291.2 292.2 293.2 294.2 295.2 296.2 297.2 298.2
SW620_24h_12Glc_R1_PIM_SCAN_01 176384 -5e-04 1 0.2271 0.1517 0.0253 0.006 1e-04 -0.01
SW620_24h_12Glc_R2_PIM_SCAN_01 194688 -0.0019 1 0.2371 0.1309 0.023 0.0035 -0.002 -0.0078
SW620_24h_12Glc_R3_PIM_SCAN_01 303296 0 1 0.2475 0.1469 0.0287 0.0059 6e-04 -0.006
SW620_24h_cold_R2_PIM_SCAN_01 233600 -0.0012 1 0.2463 0.1408 0.0259 0.0016 -8e-04 -0.0045
SW620_24h_UGln_R1_PIM_SCAN_01 203008 -0.0014 1 0.2501 0.145 0.029 0.0045 4e-04 -0.0084
SW620_24h_UGln_R2_PIM_SCAN_01 181056 -8e-04 1 0.2326 0.1375 0.0256 0.0057 -0.002 -0.0085
SW620_24h_UGln_R3_PIM_SCAN_01 332416 6e-04 1 0.2434 0.14 0.0252 0.0034 -3e-04 -0.0017
SW620_6h_12Glc_R1_PIM_SCAN_01 95288 -1e-04 1 0.2431 0.1529 0.0233 0.006 -0.0029 -0.0166
SW620_6h_12Glc_R2_PIM_SCAN_01 95040 0.0025 1 0.2439 0.1471 0.0211 0.0055 -0.0026 -0.0165
SW620_6h_12Glc_R3_PIM_SCAN_01 138880 -8e-04 1 0.2565 0.1313 0.0278 0.0069 -0.0024 -0.0078
SW620_6h_UGln_R1_PIM_SCAN_01 111872 0.0035 1 0.2377 0.1421 0.0183 0.0029 -0.0031 -0.0136
SW620_6h_UGln_R2_PIM_SCAN_01 76168 1e-04 1 0.2434 0.135 0.0261 0.004 -5e-04 -0.0113
SW620_6h_UGln_R3_PIM_SCAN_01 76496 0.0021 1 0.2343 0.1389 0.0246 0.0044 7e-04 -0.0128
