###	RAMID version 1.0: 7e5b4013a643c4a6b2ff63cfd722a126 2021-09-08 14:03:09 	***

SW620_24h_12Glc_R2_PIM_SCAN_01
RT(min): 31.683 c: 31.683
max_peak: 823 c: 9
mz: 473.4 474.4 475.4 476.4 477.4 478.4 479.4 480.4 481.4
5_timepoints: 30 151.4 9.8 252.6 292.4 23 51.2 4.4 2.6
base: 58 48 54 308 124 27 9 7 4
SW620_24h_12Glc_R3_PIM_SCAN_01
RT(min): 31.727 c: 31.727
max_peak: 534 c: 4836
mz: 473.4 474.4 475.4 476.4 477.4 478.4 479.4 480.4 481.4
5_timepoints: 45.8 244.8 32 450.4 42.8 4.4 8.6 32.2 5.8
base: 170 125 45 453 209 20 33 7 4
SW620_24h_UGln_R2_PIM_SCAN_01
RT(min): 31.596 c: 31.596
max_peak: 366 c: 10
mz: 473.4 474.4 475.4 476.4 477.4 478.4 479.4 480.4 481.4
*!?* 5_timepoints: 93 191.6 32.6 241.8 113.8 24.2 26.8 37.4 4.4
base: 42 30 47 245 118 13 19 9 13
SW620_24h_UGln_R3_PIM_SCAN_01
RT(min): 31.609 c: 31.609
max_peak: 682 c: 184
mz: 473.4 474.4 475.4 476.4 477.4 478.4 479.4 480.4 481.4
5_timepoints: 3 292.2 77.8 482.6 313.6 25.4 69.4 3.8 4
base: 45 102 187 505 187 78 49 17 5
SW620_6h_12Glc_R3_PIM_SCAN_01
RT(min): 31.683 c: 31.683
max_peak: 566 c: 203
mz: 473.4 474.4 475.4 476.4 477.4 478.4 479.4 480.4 481.4
*!?* 5_timepoints: 35.2 228.4 22.2 360 136.8 142.2 6.6 0.6 4.2
base: 8 61 48 407 124 28 17 3 6
SW620_6h_UGln_R1_PIM_SCAN_01
RT(min): 31.571 c: 31.571
max_peak: 507 c: 0
mz: 473.4 474.4 475.4 476.4 477.4 478.4 479.4 480.4 481.4
*!?* 5_timepoints: 29 115.6 9 358.6 71.4 20.4 132 2 5.2
base: 6 43 40 393 145 50 28 13 5
SW620_6h_UGln_R2_PIM_SCAN_01
RT(min): 31.909 c: 31.909
max_peak: 256 c: 230
mz: 473.4 474.4 475.4 476.4 477.4 478.4 479.4 480.4 481.4
5_timepoints: 4.8 81.4 5.6 179.2 20.8 9.4 44.4 15.4 10.4
base: 34 28 8 211 64 10 28 8 5
SW620_6h_UGln_R3_PIM_SCAN_01
RT(min): 31.715 c: 31.715
max_peak: 287 c: 33
mz: 473.4 474.4 475.4 476.4 477.4 478.4 479.4 480.4 481.4
5_timepoints: 3.4 77.2 39.6 199 122 99.6 4.6 84.2 8
base: 26 27 19 267 87 42 20 6 11


absolute_values,CDF_file: Max 473.4 474.4 475.4 476.4 477.4 478.4 479.4 480.4 481.4
SW620_24h_12Glc_R2_PIM_SCAN_01 823 -28 103 -44 -56 168 -4 42 -3 -1
SW620_24h_12Glc_R3_PIM_SCAN_01 534 -124 119 -13 -2 -166 -15 -24 25 2
SW620_24h_UGln_R2_PIM_SCAN_01 366 51 162 -14 -3 -4 12 8 28 -9
SW620_24h_UGln_R3_PIM_SCAN_01 682 -42 191 -109 -23 127 -53 20 -13 -1
SW620_6h_12Glc_R3_PIM_SCAN_01 566 27 167 -26 -47 13 114 -10 -3 -2
SW620_6h_UGln_R1_PIM_SCAN_01 507 23 73 -31 -35 -74 -30 104 -11 0
SW620_6h_UGln_R2_PIM_SCAN_01 256 -29 53 -3 -32 -43 -1 16 7 5
SW620_6h_UGln_R3_PIM_SCAN_01 287 -22 50 20 -68 35 58 -15 78 -3
END


relative_values,CDF_file: Max 473.4 474.4 475.4 476.4 477.4 478.4 479.4 480.4 481.4
SW620_24h_12Glc_R2_PIM_SCAN_01 823 -0.1667 0.6131 -0.2619 -0.3333 1 -0.0238 0.25 -0.0179 -0.006
SW620_24h_12Glc_R3_PIM_SCAN_01 534 -1.042 1 -0.1092 -0.0168 -1.395 -0.1261 -0.2017 0.2101 0.0168
SW620_24h_UGln_R2_PIM_SCAN_01 366 0.3148 1 -0.0864 -0.0185 -0.0247 0.0741 0.0494 0.1728 -0.0556
SW620_24h_UGln_R3_PIM_SCAN_01 682 -0.2199 1 -0.5707 -0.1204 0.6649 -0.2775 0.1047 -0.0681 -0.0052
SW620_6h_12Glc_R3_PIM_SCAN_01 566 0.1617 1 -0.1557 -0.2814 0.0778 0.6826 -0.0599 -0.018 -0.012
SW620_6h_UGln_R1_PIM_SCAN_01 507 0.2212 0.7019 -0.2981 -0.3365 -0.7115 -0.2885 1 -0.1058 0
SW620_6h_UGln_R2_PIM_SCAN_01 256 -0.5472 1 -0.0566 -0.6038 -0.8113 -0.0189 0.3019 0.1321 0.0943
SW620_6h_UGln_R3_PIM_SCAN_01 287 -0.2821 0.641 0.2564 -0.8718 0.4487 0.7436 -0.1923 1 -0.0385
