###	RAMID version 1.0: 7e5b4013a643c4a6b2ff63cfd722a126 2021-09-08 14:03:09 	***

SW620_24h_12Glc_R1_PIM_SCAN_01
RT(min): 25.328 c: 25.328
max_peak: 299584 c: 302272
mz: 335.2 336.2 337.2 338.2 339.2 340.2 341.2 342.2 343.2 344.2 345.2 346.2 347.2
5_timepoints: 649.4 281190.4 82878.4 32998.4 5720 1334 763.4 1201.4 508.2 1940.4 612.4 1100.2 626.2
base: 87 1315 633 360 160 128 885 1024 487 1564 571 776 437
SW620_24h_12Glc_R2_PIM_SCAN_01
RT(min): 25.322 c: 25.322
max_peak: 352768 c: 361856
mz: 335.2 336.2 337.2 338.2 339.2 340.2 341.2 342.2 343.2 344.2 345.2 346.2 347.2
5_timepoints: 599.2 338816 99353.6 36140.8 7149.2 1643.2 1610.8 1075.2 494 2028.6 779.4 1203.4 709
base: 117 1945 1028 440 207 160 1162 1255 561 1411 617 909 550
SW620_24h_12Glc_R3_PIM_SCAN_01
RT(min): 25.303 c: 25.303
max_peak: 475328 c: 483392
mz: 335.2 336.2 337.2 338.2 339.2 340.2 341.2 342.2 343.2 344.2 345.2 346.2 347.2
5_timepoints: 552.8 443916.8 133790.4 49667.2 9059 1594.6 2117.8 1875.6 1051.6 3660.4 1694 2371.6 659.2
base: 138 1831 863 619 424 294 1640 1580 763 4191 1409 1716 666
SW620_24h_cold_R2_PIM_SCAN_01
RT(min): 25.309 c: 25.309
max_peak: 415616 c: 388800
mz: 335.2 336.2 337.2 338.2 339.2 340.2 341.2 342.2 343.2 344.2 345.2 346.2 347.2
5_timepoints: 881 371161.6 111585.6 39382.4 8094.8 2106.2 1599 1450.6 429.4 1749.8 673.8 1138.8 656.6
base: 69 2031 922 574 357 243 1343 1416 571 2114 739 1121 539
SW620_24h_UGln_R1_PIM_SCAN_01
RT(min): 25.309 c: 25.309
max_peak: 344704 c: 338880
mz: 335.2 336.2 337.2 338.2 339.2 340.2 341.2 342.2 343.2 344.2 345.2 346.2 347.2
5_timepoints: 1457 316966.4 91729.6 35422.4 6696.2 1480.6 892.8 780.4 657.8 1957.8 708.4 1568 1407.2
base: 465 1560 688 346 311 206 874 823 558 1924 814 1684 1416
SW620_24h_UGln_R2_PIM_SCAN_01
RT(min): 25.309 c: 25.309
max_peak: 331968 c: 347072
mz: 335.2 336.2 337.2 338.2 339.2 340.2 341.2 342.2 343.2 344.2 345.2 346.2 347.2
5_timepoints: 517.4 299008 88305.6 34812.8 6025.2 1212.4 1076.8 559.4 286.8 698.8 482 1419.4 1367
base: 266 1531 687 351 361 178 778 683 367 591 328 1268 985
SW620_24h_UGln_R3_PIM_SCAN_01
RT(min): 25.297 c: 25.297
max_peak: 596864 c: 600768
mz: 335.2 336.2 337.2 338.2 339.2 340.2 341.2 342.2 343.2 344.2 345.2 346.2 347.2
5_timepoints: 524.8 555763.2 164531.2 60024 12494.2 2295.8 1407.4 1560.4 937 2050 663.6 2505 1933.4
base: 554 3508 1464 673 370 223 1396 1166 583 2034 853 1957 1591
SW620_6h_12Glc_R1_PIM_SCAN_01
RT(min): 25.341 c: 25.341
max_peak: 145152 c: 146816
mz: 335.2 336.2 337.2 338.2 339.2 340.2 341.2 342.2 343.2 344.2 345.2 346.2 347.2
5_timepoints: 119.2 135665.6 41230.4 14136.2 3018.8 568 810.6 668.2 379.4 1409 434.6 807.8 718.6
base: 51 661 442 185 136 76 632 655 352 1263 480 732 405
SW620_6h_12Glc_R2_PIM_SCAN_01
RT(min): 25.341 c: 25.341
max_peak: 133120 c: 128584
mz: 335.2 336.2 337.2 338.2 339.2 340.2 341.2 342.2 343.2 344.2 345.2 346.2 347.2
5_timepoints: 116.6 123380.8 36171.2 14014.2 2498 253.2 899.4 640 392.6 1349.8 584.4 890.4 729
base: 44 575 312 197 151 82 615 567 365 1405 435 798 405
SW620_6h_12Glc_R3_PIM_SCAN_01
RT(min): 25.334 c: 25.334
max_peak: 223232 c: 220672
mz: 335.2 336.2 337.2 338.2 339.2 340.2 341.2 342.2 343.2 344.2 345.2 346.2 347.2
5_timepoints: 358 208076.8 60928 22190.4 4377.6 852.4 926 683.4 366.6 862.8 660 899 470.8
base: 35 1229 527 268 164 93 764 723 306 859 347 769 466
SW620_6h_UGln_R1_PIM_SCAN_01
RT(min): 25.347 c: 25.347
max_peak: 160640 c: 160960
mz: 335.2 336.2 337.2 338.2 339.2 340.2 341.2 342.2 343.2 344.2 345.2 346.2 347.2
5_timepoints: 584.2 152294.4 43336 16484.4 3530.4 805.4 712 279.2 236.6 839 238 883.6 836.6
base: 264 948 422 252 139 83 432 376 278 600 245 872 751
SW620_6h_UGln_R2_PIM_SCAN_01
RT(min): 25.353 c: 25.353
max_peak: 128648 c: 138112
mz: 335.2 336.2 337.2 338.2 339.2 340.2 341.2 342.2 343.2 344.2 345.2 346.2 347.2
5_timepoints: 0 122500.8 35968 13962.4 2367.8 571.6 490.2 155.6 272 235.6 175.4 775.2 881.6
base: 110 525 357 135 92 96 288 260 238 193 101 636 558
SW620_6h_UGln_R3_PIM_SCAN_01
RT(min): 25.359 c: 25.359
max_peak: 132224 c: 126992
mz: 335.2 336.2 337.2 338.2 339.2 340.2 341.2 342.2 343.2 344.2 345.2 346.2 347.2
5_timepoints: 515.8 125308.8 37790.4 13107.2 2362 779.8 460.4 325.4 136.2 940.4 353 891.2 712.2
base: 228 193 142 87 110 45 270 322 187 389 223 603 693


absolute_values,CDF_file: Max 335.2 336.2 337.2 338.2 339.2 340.2 341.2 342.2 343.2 344.2 345.2 346.2 347.2
SW620_24h_12Glc_R1_PIM_SCAN_01 299584 562 279876 82245 32638 5560 1206 -122 177 21 377 42 324 189
SW620_24h_12Glc_R2_PIM_SCAN_01 352768 482 336871 98325 35701 6942 1484 449 -179 -67 618 163 294 159
SW620_24h_12Glc_R3_PIM_SCAN_01 475328 415 442085 132927 49049 8635 1300 478 296 289 -531 285 655 -7
SW620_24h_cold_R2_PIM_SCAN_01 415616 812 369131 110663 38809 7738 1863 256 35 -142 -364 -65 18 118
SW620_24h_UGln_R1_PIM_SCAN_01 344704 992 315406 91041 35077 6385 1274 19 -43 100 34 -106 -116 -8
SW620_24h_UGln_R2_PIM_SCAN_01 331968 252 297477 87619 34461 5664 1034 298 -123 -80 108 154 151 382
SW620_24h_UGln_R3_PIM_SCAN_01 596864 -29 552255 163067 59351 12124 2072 12 394 354 16 -190 548 342
SW620_6h_12Glc_R1_PIM_SCAN_01 145152 68 135005 40789 13951 2883 492 178 13 27 146 -46 76 314
SW620_6h_12Glc_R2_PIM_SCAN_01 133120 72 122806 35859 13817 2347 171 284 73 27 -55 149 92 324
SW620_6h_12Glc_R3_PIM_SCAN_01 223232 323 206848 60401 21922 4214 759 162 -39 61 4 313 130 5
SW620_6h_UGln_R1_PIM_SCAN_01 160640 320 151347 42914 16232 3391 722 280 -97 -41 239 -7 12 85
SW620_6h_UGln_R2_PIM_SCAN_01 128648 -110 121976 35611 13827 2276 475 202 -104 34 43 75 139 324
SW620_6h_UGln_R3_PIM_SCAN_01 132224 288 125116 37648 13021 2252 734 191 4 -51 551 130 288 19
END


relative_values,CDF_file: Max 335.2 336.2 337.2 338.2 339.2 340.2 341.2 342.2 343.2 344.2 345.2 346.2 347.2
SW620_24h_12Glc_R1_PIM_SCAN_01 299584 0.002 1 0.2939 0.1166 0.0199 0.0043 -4e-04 6e-04 1e-04 0.0013 2e-04 0.0012 7e-04
SW620_24h_12Glc_R2_PIM_SCAN_01 352768 0.0014 1 0.2919 0.106 0.0206 0.0044 0.0013 -5e-04 -2e-04 0.0018 5e-04 9e-04 5e-04
SW620_24h_12Glc_R3_PIM_SCAN_01 475328 9e-04 1 0.3007 0.1109 0.0195 0.0029 0.0011 7e-04 7e-04 -0.0012 6e-04 0.0015 0
SW620_24h_cold_R2_PIM_SCAN_01 415616 0.0022 1 0.2998 0.1051 0.021 0.005 7e-04 1e-04 -4e-04 -0.001 -2e-04 0 3e-04
SW620_24h_UGln_R1_PIM_SCAN_01 344704 0.0031 1 0.2886 0.1112 0.0202 0.004 1e-04 -1e-04 3e-04 1e-04 -3e-04 -4e-04 0
SW620_24h_UGln_R2_PIM_SCAN_01 331968 8e-04 1 0.2945 0.1158 0.019 0.0035 0.001 -4e-04 -3e-04 4e-04 5e-04 5e-04 0.0013
SW620_24h_UGln_R3_PIM_SCAN_01 596864 -1e-04 1 0.2953 0.1075 0.022 0.0038 0 7e-04 6e-04 0 -3e-04 0.001 6e-04
SW620_6h_12Glc_R1_PIM_SCAN_01 145152 5e-04 1 0.3021 0.1033 0.0214 0.0036 0.0013 1e-04 2e-04 0.0011 -3e-04 6e-04 0.0023
SW620_6h_12Glc_R2_PIM_SCAN_01 133120 6e-04 1 0.292 0.1125 0.0191 0.0014 0.0023 6e-04 2e-04 -4e-04 0.0012 7e-04 0.0026
SW620_6h_12Glc_R3_PIM_SCAN_01 223232 0.0016 1 0.292 0.106 0.0204 0.0037 8e-04 -2e-04 3e-04 0 0.0015 6e-04 0
SW620_6h_UGln_R1_PIM_SCAN_01 160640 0.0021 1 0.2835 0.1073 0.0224 0.0048 0.0019 -6e-04 -3e-04 0.0016 0 1e-04 6e-04
SW620_6h_UGln_R2_PIM_SCAN_01 128648 -9e-04 1 0.292 0.1134 0.0187 0.0039 0.0017 -9e-04 3e-04 4e-04 6e-04 0.0011 0.0027
SW620_6h_UGln_R3_PIM_SCAN_01 132224 0.0023 1 0.3009 0.1041 0.018 0.0059 0.0015 0 -4e-04 0.0044 0.001 0.0023 2e-04
