###	RAMID version 1.0: 7e5b4013a643c4a6b2ff63cfd722a126 2021-09-08 14:03:09 	***

SW620_24h_12Glc_R1_PIM_SCAN_01
RT(min): 16.496 c: 16.496
max_peak: 796672 c: 558336
mz: 257.2 258.2 259.2 260.2 261.2 262.2 263.2 264.2
5_timepoints: 978.8 720947.2 190860.8 106465.6 22260.8 6079 1323.6 386.2
base: 383 1214 1876 948 469 1775 996 324
SW620_24h_12Glc_R2_PIM_SCAN_01
RT(min): 16.489 c: 16.489
max_peak: 1131008 c: 802816
mz: 257.2 258.2 259.2 260.2 261.2 262.2 263.2 264.2
5_timepoints: 0 1043136 249318.4 98404.8 16178.8 3294.4 1154.6 324
base: 574 1808 3830 1570 629 2280 978 457
SW620_24h_12Glc_R3_PIM_SCAN_01
RT(min): 16.483 c: 16.483
max_peak: 938240 c: 659136
mz: 257.2 258.2 259.2 260.2 261.2 262.2 263.2 264.2
5_timepoints: 1099.2 854246.4 224128 128107.2 25718.4 7748.2 1604.8 587
base: 491 2262 7410 2475 1271 2027 940 365
SW620_24h_cold_R2_PIM_SCAN_01
RT(min): 16.483 c: 16.483
max_peak: 1056768 c: 768000
mz: 257.2 258.2 259.2 260.2 261.2 262.2 263.2 264.2
5_timepoints: 1002.4 974336 234496 93995.2 14624.4 3357.2 857.6 208.4
base: 712 1844 3977 1527 705 1569 884 210
SW620_24h_UGln_R1_PIM_SCAN_01
RT(min): 16.483 c: 16.483
max_peak: 402240 c: 290624
mz: 257.2 258.2 259.2 260.2 261.2 262.2 263.2 264.2
5_timepoints: 399.8 364083.2 111662.4 115640 35310.4 304985.6 58502.4 24852.8
base: 571 1327 3865 1590 763 2238 1840 532
SW620_24h_UGln_R2_PIM_SCAN_01
RT(min): 16.483 c: 16.483
max_peak: 606016 c: 428352
mz: 257.2 258.2 259.2 260.2 261.2 262.2 263.2 264.2
5_timepoints: 971 560857.6 169561.6 176025.6 52937.6 454208 86246.4 36936
base: 479 1137 1311 1047 565 2480 1319 516
SW620_24h_UGln_R3_PIM_SCAN_01
RT(min): 16.477 c: 16.477
max_peak: 606912 c: 423808
mz: 257.2 258.2 259.2 260.2 261.2 262.2 263.2 264.2
5_timepoints: 897.6 551552 169958.4 176499.2 55976 452326.4 87900.8 35204.8
base: 760 1458 3757 1593 922 2671 1879 596
SW620_6h_12Glc_R1_PIM_SCAN_01
RT(min): 16.508 c: 16.508
max_peak: 223104 c: 155136
mz: 257.2 258.2 259.2 260.2 261.2 262.2 263.2 264.2
5_timepoints: 249.2 205286.4 53513.6 24092.8 3991.2 1360.4 770 194.2
base: 364 527 3195 1081 529 1229 635 308
SW620_6h_12Glc_R2_PIM_SCAN_01
RT(min): 16.514 c: 16.514
max_peak: 224256 c: 156864
mz: 257.2 258.2 259.2 260.2 261.2 262.2 263.2 264.2
5_timepoints: 614.6 206220.8 51859.2 23779.2 4029.6 1594.2 679.8 99.8
base: 376 431 3072 1084 586 1226 617 231
SW620_6h_12Glc_R3_PIM_SCAN_01
RT(min): 16.508 c: 16.508
max_peak: 324544 c: 207424
mz: 257.2 258.2 259.2 260.2 261.2 262.2 263.2 264.2
5_timepoints: 485.8 290406.4 73048 34249.6 6214.8 1966 692.8 206.2
base: 357 724 3442 1393 559 1236 667 172
SW620_6h_UGln_R1_PIM_SCAN_01
RT(min): 16.515 c: 16.515
max_peak: 146944 c: 93984
mz: 257.2 258.2 259.2 260.2 261.2 262.2 263.2 264.2
5_timepoints: 75.2 131100.8 33646.4 28896 9495.4 104539.2 20000.8 9688.6
base: 383 409 3463 1185 738 1208 1515 418
SW620_6h_UGln_R2_PIM_SCAN_01
RT(min): 16.508 c: 16.508
max_peak: 161280 c: 104864
mz: 257.2 258.2 259.2 260.2 261.2 262.2 263.2 264.2
5_timepoints: 1261.6 140134.4 37865.6 33228.8 10479 122227.2 25078.4 10357.4
base: 268 346 746 564 321 1082 831 316
SW620_6h_UGln_R3_PIM_SCAN_01
RT(min): 16.521 c: 16.521
max_peak: 118496 c: 87648
mz: 257.2 258.2 259.2 260.2 261.2 262.2 263.2 264.2
5_timepoints: 377.4 110108.8 30512 24500.8 8303.6 84921.6 17602.6 7894.6
base: 238 280 1414 684 309 1203 1068 282


absolute_values,CDF_file: Max 257.2 258.2 259.2 260.2 261.2 262.2 263.2 264.2
SW620_24h_12Glc_R1_PIM_SCAN_01 796672 596 719733 188985 105518 21791 4304 328 62
SW620_24h_12Glc_R2_PIM_SCAN_01 1131008 -574 1041328 245488 96835 15550 1014 177 -133
SW620_24h_12Glc_R3_PIM_SCAN_01 938240 608 851985 216718 125632 24447 5721 665 222
SW620_24h_cold_R2_PIM_SCAN_01 1056768 290 972492 230519 92468 13920 1788 -26 -2
SW620_24h_UGln_R1_PIM_SCAN_01 402240 -171 362756 107797 114050 34547 302748 56662 24321
SW620_24h_UGln_R2_PIM_SCAN_01 606016 492 559721 168250 174979 52373 451728 84928 36420
SW620_24h_UGln_R3_PIM_SCAN_01 606912 138 550094 166201 174906 55054 449656 86021 34609
SW620_6h_12Glc_R1_PIM_SCAN_01 223104 -114 204760 50318 23012 3462 132 135 -114
SW620_6h_12Glc_R2_PIM_SCAN_01 224256 239 205790 48788 22695 3444 368 62 -131
SW620_6h_12Glc_R3_PIM_SCAN_01 324544 128 289682 69606 32856 5656 730 26 35
SW620_6h_UGln_R1_PIM_SCAN_01 146944 -308 130692 30183 27711 8758 103331 18486 9270
SW620_6h_UGln_R2_PIM_SCAN_01 161280 994 139788 37120 32665 10158 121145 24248 10041
SW620_6h_UGln_R3_PIM_SCAN_01 118496 139 109828 29098 23817 7994 83718 16535 7613
END


relative_values,CDF_file: Max 257.2 258.2 259.2 260.2 261.2 262.2 263.2 264.2
SW620_24h_12Glc_R1_PIM_SCAN_01 796672 8e-04 1 0.2626 0.1466 0.0303 0.006 5e-04 1e-04
SW620_24h_12Glc_R2_PIM_SCAN_01 1131008 -6e-04 1 0.2357 0.093 0.0149 0.001 2e-04 -1e-04
SW620_24h_12Glc_R3_PIM_SCAN_01 938240 7e-04 1 0.2544 0.1475 0.0287 0.0067 8e-04 3e-04
SW620_24h_cold_R2_PIM_SCAN_01 1056768 3e-04 1 0.237 0.0951 0.0143 0.0018 0 0
SW620_24h_UGln_R1_PIM_SCAN_01 402240 -5e-04 1 0.2972 0.3144 0.0952 0.8346 0.1562 0.067
SW620_24h_UGln_R2_PIM_SCAN_01 606016 9e-04 1 0.3006 0.3126 0.0936 0.8071 0.1517 0.0651
SW620_24h_UGln_R3_PIM_SCAN_01 606912 3e-04 1 0.3021 0.318 0.1001 0.8174 0.1564 0.0629
SW620_6h_12Glc_R1_PIM_SCAN_01 223104 -6e-04 1 0.2457 0.1124 0.0169 6e-04 7e-04 -6e-04
SW620_6h_12Glc_R2_PIM_SCAN_01 224256 0.0012 1 0.2371 0.1103 0.0167 0.0018 3e-04 -6e-04
SW620_6h_12Glc_R3_PIM_SCAN_01 324544 4e-04 1 0.2403 0.1134 0.0195 0.0025 1e-04 1e-04
SW620_6h_UGln_R1_PIM_SCAN_01 146944 -0.0024 1 0.2309 0.212 0.067 0.7906 0.1414 0.0709
SW620_6h_UGln_R2_PIM_SCAN_01 161280 0.0071 1 0.2655 0.2337 0.0727 0.8666 0.1735 0.0718
SW620_6h_UGln_R3_PIM_SCAN_01 118496 0.0013 1 0.2649 0.2169 0.0728 0.7623 0.1506 0.0693
