###	RAMID version 1.0: 7e5b4013a643c4a6b2ff63cfd722a126 2021-09-08 14:03:09 	***

SW620_24h_12Glc_R1_PIM_SCAN_01
RT(min): 16.496 c: 16.496
max_peak: 558336 c: 796672
mz: 285.1 286.1 287.1 288.1 289.1 290.1 291.1 292.1 293.1
5_timepoints: 856.6 511360 134913.6 76051.2 218892.8 67936 35702.4 8218.8 1911.8
base: 328 661 1237 1445 219972 84498 40798 10113 2831
SW620_24h_12Glc_R2_PIM_SCAN_01
RT(min): 16.489 c: 16.489
max_peak: 802816 c: 1131008
mz: 285.1 286.1 287.1 288.1 289.1 290.1 291.1 292.1 293.1
5_timepoints: 1211.2 741811.2 181900.8 74121.6 183232 56913.6 21958.4 4159 905.8
base: 508 797 1042 1669 163778 74093 24483 6462 1208
SW620_24h_12Glc_R3_PIM_SCAN_01
RT(min): 16.49 c: 16.49
max_peak: 669888 c: 934464
mz: 285.1 286.1 287.1 288.1 289.1 290.1 291.1 292.1 293.1
5_timepoints: 1402 601280 153788.8 91628.8 165056 55280 26022.4 6481.8 2272.2
base: 638 951 1405 1444 337274 117428 62289 14374 3981
SW620_24h_cold_R2_PIM_SCAN_01
RT(min): 16.483 c: 16.483
max_peak: 768000 c: 1056768
mz: 285.1 286.1 287.1 288.1 289.1 290.1 291.1 292.1 293.1
5_timepoints: 4322.4 682560 172147.2 67216 152340.8 44428.8 17349 3631 559.6
base: 824 1195 1163 1570 208058 71814 25855 5664 1180
SW620_24h_UGln_R1_PIM_SCAN_01
RT(min): 16.483 c: 16.483
max_peak: 290624 c: 402240
mz: 285.1 286.1 287.1 288.1 289.1 290.1 291.1 292.1 293.1
5_timepoints: 2637.2 257177.6 78249.6 42865.6 127648 52097.6 234009.6 48971.2 74025.6
base: 602 514 851 1341 111263 59914 42873 13857 99437
SW620_24h_UGln_R2_PIM_SCAN_01
RT(min): 16.483 c: 16.483
max_peak: 428352 c: 606016
mz: 285.1 286.1 287.1 288.1 289.1 290.1 291.1 292.1 293.1
5_timepoints: 940.8 397196.8 115692.8 64728 156329.6 63366.4 341708.8 70878.4 81198.4
base: 576 720 888 1209 61981 48433 26928 8878 51909
SW620_24h_UGln_R3_PIM_SCAN_01
RT(min): 16.483 c: 16.483
max_peak: 427584 c: 600448
mz: 285.1 286.1 287.1 288.1 289.1 290.1 291.1 292.1 293.1
5_timepoints: 5552 395212.8 117278.4 62318.4 155497.6 65656 337459.2 65723.2 78251.2
base: 634 884 1135 1601 140145 75655 53430 16975 118354
SW620_6h_12Glc_R1_PIM_SCAN_01
RT(min): 16.514 c: 16.514
max_peak: 157312 c: 219648
mz: 285.1 286.1 287.1 288.1 289.1 290.1 291.1 292.1 293.1
5_timepoints: 1579.4 146708.8 36270.4 17953.6 153321.6 45484.8 20171.6 3801.6 1123.4
base: 335 310 858 610 160749 58309 24497 5332 1288
SW620_6h_12Glc_R2_PIM_SCAN_01
RT(min): 16.514 c: 16.514
max_peak: 156864 c: 224256
mz: 285.1 286.1 287.1 288.1 289.1 290.1 291.1 292.1 293.1
5_timepoints: 1186.4 140878.4 37752 18093.8 155955.2 43870.4 19993.8 3969 1266.8
base: 306 202 683 766 122863 47863 19958 4727 1118
SW620_6h_12Glc_R3_PIM_SCAN_01
RT(min): 16.502 c: 16.502
max_peak: 217920 c: 296384
mz: 285.1 286.1 287.1 288.1 289.1 290.1 291.1 292.1 293.1
5_timepoints: 1894.8 191987.2 51446.4 24830.4 186316.8 50902.4 22868.8 4369.8 1036.2
base: 254 287 876 610 180017 60600 26651 5867 1403
SW620_6h_UGln_R1_PIM_SCAN_01
RT(min): 16.508 c: 16.508
max_peak: 115208 c: 131712
mz: 285.1 286.1 287.1 288.1 289.1 290.1 291.1 292.1 293.1
5_timepoints: 895.6 88875.2 24148.8 12531.8 98571.2 32852.8 101971.2 21427.2 83036.8
base: 339 212 620 603 71804 34282 22096 7579 73660
SW620_6h_UGln_R2_PIM_SCAN_01
RT(min): 16.514 c: 16.514
max_peak: 108456 c: 155968
mz: 285.1 286.1 287.1 288.1 289.1 290.1 291.1 292.1 293.1
5_timepoints: 739.2 102193.6 26649.6 13399.8 91884.8 34216 104075.2 24812.8 79638.4
base: 267 172 591 703 36141 22018 12730 4641 38502
SW620_6h_UGln_R3_PIM_SCAN_01
RT(min): 16.521 c: 16.521
max_peak: 96952 c: 118496
mz: 285.1 286.1 287.1 288.1 289.1 290.1 291.1 292.1 293.1
5_timepoints: 1249.4 79428.8 23328 10993.8 90278.4 32888 81582.4 19889.8 75054.4
base: 249 196 534 714 42262 27322 14626 5148 42455


absolute_values,CDF_file: Max 285.1 286.1 287.1 288.1 289.1 290.1 291.1 292.1 293.1
SW620_24h_12Glc_R1_PIM_SCAN_01 558336 528 510699 133676 74607 -1079 -16562 -5096 -1894 -919
SW620_24h_12Glc_R2_PIM_SCAN_01 802816 704 741014 180858 72453 19454 -17180 -2525 -2303 -302
SW620_24h_12Glc_R3_PIM_SCAN_01 669888 764 600329 152383 90185 -172218 -62148 -36266 -7892 -1708
SW620_24h_cold_R2_PIM_SCAN_01 768000 3498 681365 170984 65646 -55718 -27385 -8506 -2033 -621
SW620_24h_UGln_R1_PIM_SCAN_01 290624 2035 256664 77398 41525 16385 -7816 191136 35114 -25411
SW620_24h_UGln_R2_PIM_SCAN_01 428352 364 396477 114805 63519 94349 14934 314781 62000 29289
SW620_24h_UGln_R3_PIM_SCAN_01 427584 4918 394329 116144 60718 15352 -9999 284029 48749 -40103
SW620_6h_12Glc_R1_PIM_SCAN_01 157312 1244 146399 35412 17344 -7427 -12824 -4325 -1531 -165
SW620_6h_12Glc_R2_PIM_SCAN_01 156864 881 140677 37069 17328 33092 -3993 36 -758 149
SW620_6h_12Glc_R3_PIM_SCAN_01 217920 1641 191700 50571 24220 6300 -9697 -3782 -1497 -367
SW620_6h_UGln_R1_PIM_SCAN_01 115208 556 88663 23529 11929 26767 -1429 79875 13848 9376
SW620_6h_UGln_R2_PIM_SCAN_01 108456 472 102022 26059 12697 55744 12198 91345 20172 41137
SW620_6h_UGln_R3_PIM_SCAN_01 96952 1000 79233 22794 10279 48016 5566 66956 14742 32599
END


relative_values,CDF_file: Max 285.1 286.1 287.1 288.1 289.1 290.1 291.1 292.1 293.1
SW620_24h_12Glc_R1_PIM_SCAN_01 558336 0.001 1 0.2618 0.1461 -0.0021 -0.0324 -0.01 -0.0037 -0.0018
SW620_24h_12Glc_R2_PIM_SCAN_01 802816 0.001 1 0.2441 0.0978 0.0263 -0.0232 -0.0034 -0.0031 -4e-04
SW620_24h_12Glc_R3_PIM_SCAN_01 669888 0.0013 1 0.2538 0.1502 -0.2869 -0.1035 -0.0604 -0.0131 -0.0028
SW620_24h_cold_R2_PIM_SCAN_01 768000 0.0051 1 0.2509 0.0963 -0.0818 -0.0402 -0.0125 -0.003 -9e-04
SW620_24h_UGln_R1_PIM_SCAN_01 290624 0.0079 1 0.3016 0.1618 0.0638 -0.0305 0.7447 0.1368 -0.099
SW620_24h_UGln_R2_PIM_SCAN_01 428352 9e-04 1 0.2896 0.1602 0.238 0.0377 0.7939 0.1564 0.0739
SW620_24h_UGln_R3_PIM_SCAN_01 427584 0.0125 1 0.2945 0.154 0.0389 -0.0254 0.7203 0.1236 -0.1017
SW620_6h_12Glc_R1_PIM_SCAN_01 157312 0.0085 1 0.2419 0.1185 -0.0507 -0.0876 -0.0295 -0.0105 -0.0011
SW620_6h_12Glc_R2_PIM_SCAN_01 156864 0.0063 1 0.2635 0.1232 0.2352 -0.0284 3e-04 -0.0054 0.0011
SW620_6h_12Glc_R3_PIM_SCAN_01 217920 0.0086 1 0.2638 0.1263 0.0329 -0.0506 -0.0197 -0.0078 -0.0019
SW620_6h_UGln_R1_PIM_SCAN_01 115208 0.0063 1 0.2654 0.1345 0.3019 -0.0161 0.9009 0.1562 0.1057
SW620_6h_UGln_R2_PIM_SCAN_01 108456 0.0046 1 0.2554 0.1245 0.5464 0.1196 0.8953 0.1977 0.4032
SW620_6h_UGln_R3_PIM_SCAN_01 96952 0.0126 1 0.2877 0.1297 0.606 0.0702 0.8451 0.1861 0.4114
