###	RAMID version 1.0: 7e5b4013a643c4a6b2ff63cfd722a126 2021-09-08 14:03:09 	***

SW620_24h_12Glc_R1_PIM_SCAN_01
RT(min): 22.401 c: 22.401
max_peak: 534208 c: 465472
mz: 389.2 390.2 391.2 392.2 393.2 394.2 395.2
5_timepoints: 0 503488 185728 89798.4 22921.6 5463.4 977.6
base: 283 3134 1361 797 229 109 70
SW620_24h_12Glc_R2_PIM_SCAN_01
RT(min): 22.401 c: 22.401
max_peak: 688256 c: 588608
mz: 389.2 390.2 391.2 392.2 393.2 394.2 395.2
5_timepoints: 836.2 649830.4 215590.4 102793.6 22985.6 5499.6 1021
base: 475 4271 1804 803 210 81 23
SW620_24h_12Glc_R3_PIM_SCAN_01
RT(min): 22.395 c: 22.395
max_peak: 735552 c: 635264
mz: 389.2 390.2 391.2 392.2 393.2 394.2 395.2
5_timepoints: 0 681203.2 251596.8 119059.2 29078.4 6903.2 1503.6
base: 457 5289 1902 1084 396 102 56
SW620_24h_cold_R2_PIM_SCAN_01
RT(min): 22.388 c: 22.388
max_peak: 796096 c: 688768
mz: 389.2 390.2 391.2 392.2 393.2 394.2 395.2
5_timepoints: 0 742220.8 258841.6 116558.4 27595.2 5605.2 791.4
base: 520 3445 1180 896 263 114 89
SW620_24h_UGln_R1_PIM_SCAN_01
RT(min): 22.394 c: 22.394
max_peak: 679936 c: 591744
mz: 389.2 390.2 391.2 392.2 393.2 394.2 395.2
5_timepoints: 0 623718.4 213209.6 94326.4 22699.2 5110 1223.4
base: 604 5082 2156 1039 451 83 48
SW620_24h_UGln_R2_PIM_SCAN_01
RT(min): 22.394 c: 22.394
max_peak: 467392 c: 404544
mz: 389.2 390.2 391.2 392.2 393.2 394.2 395.2
5_timepoints: 891.6 446732.8 153356.8 68808 16360.6 3476.4 538.2
base: 377 2731 1273 593 196 95 58
SW620_24h_UGln_R3_PIM_SCAN_01
RT(min): 22.388 c: 22.388
max_peak: 989312 c: 862016
mz: 389.2 390.2 391.2 392.2 393.2 394.2 395.2
5_timepoints: 0 915788.8 316147.2 145846.4 33998.4 7701 1451.6
base: 618 4381 1618 806 276 117 37
SW620_6h_12Glc_R1_PIM_SCAN_01
RT(min): 22.401 c: 22.401
max_peak: 738496 c: 633024
mz: 389.2 390.2 391.2 392.2 393.2 394.2 395.2
5_timepoints: 489.8 689932.8 244441.6 112721.6 26424 6353.4 1115.2
base: 275 4120 1673 815 273 80 46
SW620_6h_12Glc_R2_PIM_SCAN_01
RT(min): 22.401 c: 22.401
max_peak: 745472 c: 660736
mz: 389.2 390.2 391.2 392.2 393.2 394.2 395.2
5_timepoints: 1064.2 714009.6 245158.4 115384 27240 6565.2 1139.8
base: 376 3536 1399 831 228 39 49
SW620_6h_12Glc_R3_PIM_SCAN_01
RT(min): 22.401 c: 22.401
max_peak: 877760 c: 769792
mz: 389.2 390.2 391.2 392.2 393.2 394.2 395.2
5_timepoints: 0 813043.2 282956.8 133564.8 30056 7990.4 1517
base: 341 4193 1907 965 263 103 38
SW620_6h_UGln_R1_PIM_SCAN_01
RT(min): 22.401 c: 22.401
max_peak: 790272 c: 676288
mz: 389.2 390.2 391.2 392.2 393.2 394.2 395.2
5_timepoints: 0 746086.4 250432 116160 26425.6 7032 980.4
base: 330 3720 1463 730 202 52 37
SW620_6h_UGln_R2_PIM_SCAN_01
RT(min): 22.401 c: 22.401
max_peak: 475968 c: 402624
mz: 389.2 390.2 391.2 392.2 393.2 394.2 395.2
5_timepoints: 674.4 441523.2 148227.2 72843.2 17849.6 3367.6 811.4
base: 152 2092 815 387 130 39 21
SW620_6h_UGln_R3_PIM_SCAN_01
RT(min): 22.407 c: 22.407
max_peak: 600192 c: 503744
mz: 389.2 390.2 391.2 392.2 393.2 394.2 395.2
5_timepoints: 0 561792 190553.6 87577.6 20372.8 4392.6 832.8
base: 292 3482 1380 635 194 75 28


absolute_values,CDF_file: Max 389.2 390.2 391.2 392.2 393.2 394.2 395.2
SW620_24h_12Glc_R1_PIM_SCAN_01 534208 -283 500354 184367 89002 22692 5354 907
SW620_24h_12Glc_R2_PIM_SCAN_01 688256 361 645559 213786 101991 22776 5419 998
SW620_24h_12Glc_R3_PIM_SCAN_01 735552 -457 675914 249695 117975 28682 6801 1448
SW620_24h_cold_R2_PIM_SCAN_01 796096 -520 738776 257662 115662 27332 5491 702
SW620_24h_UGln_R1_PIM_SCAN_01 679936 -604 618636 211053 93287 22248 5027 1175
SW620_24h_UGln_R2_PIM_SCAN_01 467392 515 444002 152083 68215 16164 3381 480
SW620_24h_UGln_R3_PIM_SCAN_01 989312 -618 911408 314529 145041 33722 7584 1415
SW620_6h_12Glc_R1_PIM_SCAN_01 738496 215 685813 242768 111907 26151 6274 1069
SW620_6h_12Glc_R2_PIM_SCAN_01 745472 689 710473 243759 114553 27012 6526 1091
SW620_6h_12Glc_R3_PIM_SCAN_01 877760 -341 808851 281050 132600 29793 7888 1479
SW620_6h_UGln_R1_PIM_SCAN_01 790272 -330 742366 248969 115430 26223 6980 943
SW620_6h_UGln_R2_PIM_SCAN_01 475968 523 439432 147412 72456 17719 3328 790
SW620_6h_UGln_R3_PIM_SCAN_01 600192 -292 558310 189174 86942 20179 4317 804
END


relative_values,CDF_file: Max 389.2 390.2 391.2 392.2 393.2 394.2 395.2
SW620_24h_12Glc_R1_PIM_SCAN_01 534208 -6e-04 1 0.3685 0.1779 0.0454 0.0107 0.0018
SW620_24h_12Glc_R2_PIM_SCAN_01 688256 6e-04 1 0.3312 0.158 0.0353 0.0084 0.0015
SW620_24h_12Glc_R3_PIM_SCAN_01 735552 -7e-04 1 0.3694 0.1745 0.0424 0.0101 0.0021
SW620_24h_cold_R2_PIM_SCAN_01 796096 -7e-04 1 0.3488 0.1566 0.037 0.0074 0.001
SW620_24h_UGln_R1_PIM_SCAN_01 679936 -0.001 1 0.3412 0.1508 0.036 0.0081 0.0019
SW620_24h_UGln_R2_PIM_SCAN_01 467392 0.0012 1 0.3425 0.1536 0.0364 0.0076 0.0011
SW620_24h_UGln_R3_PIM_SCAN_01 989312 -7e-04 1 0.3451 0.1591 0.037 0.0083 0.0016
SW620_6h_12Glc_R1_PIM_SCAN_01 738496 3e-04 1 0.354 0.1632 0.0381 0.0091 0.0016
SW620_6h_12Glc_R2_PIM_SCAN_01 745472 0.001 1 0.3431 0.1612 0.038 0.0092 0.0015
SW620_6h_12Glc_R3_PIM_SCAN_01 877760 -4e-04 1 0.3475 0.1639 0.0368 0.0098 0.0018
SW620_6h_UGln_R1_PIM_SCAN_01 790272 -4e-04 1 0.3354 0.1555 0.0353 0.0094 0.0013
SW620_6h_UGln_R2_PIM_SCAN_01 475968 0.0012 1 0.3355 0.1649 0.0403 0.0076 0.0018
SW620_6h_UGln_R3_PIM_SCAN_01 600192 -5e-04 1 0.3388 0.1557 0.0361 0.0077 0.0014
