###	RAMID version 1.0: 7e5b4013a643c4a6b2ff63cfd722a126 2021-09-08 14:03:09 	***

SW620_24h_12Glc_R1_PIM_SCAN_01
RT(min): 22.401 c: 22.401
max_peak: 465472 c: 534208
mz: 361.2 362.2 363.2 364.2 365.2 366.2
5_timepoints: 0 437081.6 159296 75880 16994.2 4314.4
base: 56 2928 1343 628 263 105
SW620_24h_12Glc_R2_PIM_SCAN_01
RT(min): 22.394 c: 22.394
max_peak: 592000 c: 667648
mz: 361.2 362.2 363.2 364.2 365.2 366.2
5_timepoints: 0 560268.8 184985.6 86313.6 18024.8 3808
base: 58 2375 995 421 257 82
SW620_24h_12Glc_R3_PIM_SCAN_01
RT(min): 22.388 c: 22.388
max_peak: 646400 c: 729600
mz: 361.2 362.2 363.2 364.2 365.2 366.2
5_timepoints: 0 601036.8 218662.4 100816 24678.4 5691.4
base: 190 2144 1070 558 263 90
SW620_24h_cold_R2_PIM_SCAN_01
RT(min): 22.388 c: 22.388
max_peak: 688768 c: 796096
mz: 361.2 362.2 363.2 364.2 365.2 366.2
5_timepoints: 0 643520 221132.8 100065.6 21908.8 5050.2
base: 54 2774 1068 654 273 102
SW620_24h_UGln_R1_PIM_SCAN_01
RT(min): 22.394 c: 22.394
max_peak: 591744 c: 679936
mz: 361.2 362.2 363.2 364.2 365.2 366.2
5_timepoints: 0 543744 182016 82372.8 18220.2 4248.2
base: 119 4502 1716 998 360 151
SW620_24h_UGln_R2_PIM_SCAN_01
RT(min): 22.394 c: 22.394
max_peak: 404544 c: 467392
mz: 361.2 362.2 363.2 364.2 365.2 366.2
5_timepoints: 492.6 384012.8 129268.8 58806.4 14099 2970
base: 118 2360 871 470 231 98
SW620_24h_UGln_R3_PIM_SCAN_01
RT(min): 22.388 c: 22.388
max_peak: 862016 c: 989312
mz: 361.2 362.2 363.2 364.2 365.2 366.2
5_timepoints: 0 795404.8 271065.6 121744 27440 6190.4
base: 151 3583 1506 727 339 147
SW620_6h_12Glc_R1_PIM_SCAN_01
RT(min): 22.394 c: 22.394
max_peak: 644416 c: 696320
mz: 361.2 362.2 363.2 364.2 365.2 366.2
5_timepoints: 679.8 598028.8 197964.8 95268.8 20248 5088.2
base: 65 2152 702 476 238 53
SW620_6h_12Glc_R2_PIM_SCAN_01
RT(min): 22.401 c: 22.401
max_peak: 660736 c: 745472
mz: 361.2 362.2 363.2 364.2 365.2 366.2
5_timepoints: 73.4 630617.6 206412.8 101230.4 22528 5101.4
base: 74 2877 1368 644 268 118
SW620_6h_12Glc_R3_PIM_SCAN_01
RT(min): 22.401 c: 22.401
max_peak: 769792 c: 877760
mz: 361.2 362.2 363.2 364.2 365.2 366.2
5_timepoints: 0 723596.8 236275.2 108758.4 25884.8 5837.4
base: 77 3700 1413 716 283 102
SW620_6h_UGln_R1_PIM_SCAN_01
RT(min): 22.395 c: 22.395
max_peak: 679680 c: 763776
mz: 361.2 362.2 363.2 364.2 365.2 366.2
5_timepoints: 0 628928 208358.4 97238.4 21038.4 5199.8
base: 33 1858 794 405 199 69
SW620_6h_UGln_R2_PIM_SCAN_01
RT(min): 22.394 c: 22.394
max_peak: 409984 c: 442816
mz: 361.2 362.2 363.2 364.2 365.2 366.2
5_timepoints: 0 363929.6 125472 56747.2 12512.2 3281
base: 39 1004 432 210 136 65
SW620_6h_UGln_R3_PIM_SCAN_01
RT(min): 22.401 c: 22.401
max_peak: 516096 c: 581184
mz: 361.2 362.2 363.2 364.2 365.2 366.2
5_timepoints: 626.8 479052.8 159500.8 71350.4 14958.2 4229.8
base: 35 1782 722 484 147 81


absolute_values,CDF_file: Max 361.2 362.2 363.2 364.2 365.2 366.2
SW620_24h_12Glc_R1_PIM_SCAN_01 465472 -56 434153 157953 75252 16731 4210
SW620_24h_12Glc_R2_PIM_SCAN_01 592000 -58 557893 183991 85892 17768 3726
SW620_24h_12Glc_R3_PIM_SCAN_01 646400 -190 598893 217592 100258 24416 5601
SW620_24h_cold_R2_PIM_SCAN_01 688768 -54 640746 220065 99412 21635 4948
SW620_24h_UGln_R1_PIM_SCAN_01 591744 -119 539242 180300 81375 17860 4097
SW620_24h_UGln_R2_PIM_SCAN_01 404544 375 381653 128398 58337 13868 2872
SW620_24h_UGln_R3_PIM_SCAN_01 862016 -151 791822 269560 121017 27101 6043
SW620_6h_12Glc_R1_PIM_SCAN_01 644416 615 595876 197263 94793 20010 5035
SW620_6h_12Glc_R2_PIM_SCAN_01 660736 -1 627740 205045 100586 22260 4984
SW620_6h_12Glc_R3_PIM_SCAN_01 769792 -77 719897 234863 108042 25602 5736
SW620_6h_UGln_R1_PIM_SCAN_01 679680 -33 627070 207565 96833 20840 5131
SW620_6h_UGln_R2_PIM_SCAN_01 409984 -39 362925 125040 56537 12376 3216
SW620_6h_UGln_R3_PIM_SCAN_01 516096 592 477271 158778 70866 14812 4149
END


relative_values,CDF_file: Max 361.2 362.2 363.2 364.2 365.2 366.2
SW620_24h_12Glc_R1_PIM_SCAN_01 465472 -1e-04 1 0.3638 0.1733 0.0385 0.0097
SW620_24h_12Glc_R2_PIM_SCAN_01 592000 -1e-04 1 0.3298 0.154 0.0318 0.0067
SW620_24h_12Glc_R3_PIM_SCAN_01 646400 -3e-04 1 0.3633 0.1674 0.0408 0.0094
SW620_24h_cold_R2_PIM_SCAN_01 688768 -1e-04 1 0.3435 0.1552 0.0338 0.0077
SW620_24h_UGln_R1_PIM_SCAN_01 591744 -2e-04 1 0.3344 0.1509 0.0331 0.0076
SW620_24h_UGln_R2_PIM_SCAN_01 404544 0.001 1 0.3364 0.1529 0.0363 0.0075
SW620_24h_UGln_R3_PIM_SCAN_01 862016 -2e-04 1 0.3404 0.1528 0.0342 0.0076
SW620_6h_12Glc_R1_PIM_SCAN_01 644416 0.001 1 0.331 0.1591 0.0336 0.0084
SW620_6h_12Glc_R2_PIM_SCAN_01 660736 0 1 0.3266 0.1602 0.0355 0.0079
SW620_6h_12Glc_R3_PIM_SCAN_01 769792 -1e-04 1 0.3262 0.1501 0.0356 0.008
SW620_6h_UGln_R1_PIM_SCAN_01 679680 -1e-04 1 0.331 0.1544 0.0332 0.0082
SW620_6h_UGln_R2_PIM_SCAN_01 409984 -1e-04 1 0.3445 0.1558 0.0341 0.0089
SW620_6h_UGln_R3_PIM_SCAN_01 516096 0.0012 1 0.3327 0.1485 0.031 0.0087
