###	RAMID version 1.0: 7e5b4013a643c4a6b2ff63cfd722a126 2021-09-08 14:03:09 	***

SW620_24h_12Glc_R1_PIM_SCAN_01
RT(min): 16.389 c: 16.389
max_peak: 840448 c: 37160
mz: 288.1 289.1 290.1 291.1 292.1 293.1 294.1 295.1
5_timepoints: 0 783449.6 219136 128302.4 27979.2 8244.6 1714.4 366.2
base: 1486 1502 39604 9803 3936 802 274 38
SW620_24h_12Glc_R2_PIM_SCAN_01
RT(min): 16.396 c: 16.396
max_peak: 627008 c: 28064
mz: 288.1 289.1 290.1 291.1 292.1 293.1 294.1 295.1
5_timepoints: 594.6 594816 164915.2 65747.2 11563.8 2690.2 654.2 68
base: 1570 1514 49657 12125 4948 1010 197 60
SW620_24h_12Glc_R3_PIM_SCAN_01
RT(min): 16.364 c: 16.364
max_peak: 1309696 c: 58632
mz: 288.1 289.1 290.1 291.1 292.1 293.1 294.1 295.1
5_timepoints: 0 1245593.6 337830.4 207398.4 45049.6 12479.4 2176 405.8
base: 1445 2202 43549 10922 4184 921 229 165
SW620_24h_cold_R2_PIM_SCAN_01
RT(min): 16.383 c: 16.383
max_peak: 802944 c: 35472
mz: 288.1 289.1 290.1 291.1 292.1 293.1 294.1 295.1
5_timepoints: 0 762214.4 194764.8 80228.8 13318.2 2667.4 365.6 244.6
base: 1461 2840 32788 7807 3196 733 189 152
SW620_24h_UGln_R1_PIM_SCAN_01
RT(min): 16.377 c: 16.377
max_peak: 401728 c: 18752
mz: 288.1 289.1 290.1 291.1 292.1 293.1 294.1 295.1
5_timepoints: 433.8 378700.8 136592 131558.4 39036.8 356889.6 63675.2 31208
base: 1315 1769 34491 9031 3839 1644 612 266
SW620_24h_UGln_R2_PIM_SCAN_01
RT(min): 16.389 c: 16.389
max_peak: 245696 c: 8758
mz: 288.1 289.1 290.1 291.1 292.1 293.1 294.1 295.1
5_timepoints: 479.6 222297.6 86209.6 80017.6 24859.2 209958.4 40604.8 18121.8
base: 1227 1171 39102 9638 4108 1041 301 208
SW620_24h_UGln_R3_PIM_SCAN_01
RT(min): 16.371 c: 16.371
max_peak: 514432 c: 20304
mz: 288.1 289.1 290.1 291.1 292.1 293.1 294.1 295.1
5_timepoints: 0 484096 173734.4 167923.2 51140.8 439424 85062.4 37217.6
base: 1593 1811 46435 11758 4975 1905 560 322
SW620_6h_12Glc_R1_PIM_SCAN_01
RT(min): 16.402 c: 16.402
max_peak: 624512 c: 27384
mz: 288.1 289.1 290.1 291.1 292.1 293.1 294.1 295.1
5_timepoints: 0 595686.4 160985.6 77104 12858.8 3410 584 145.6
base: 1006 1515 23453 5567 2298 510 171 77
SW620_6h_12Glc_R2_PIM_SCAN_01
RT(min): 16.414 c: 16.414
max_peak: 526336 c: 24328
mz: 288.1 289.1 290.1 291.1 292.1 293.1 294.1 295.1
5_timepoints: 825.2 494310.4 135033.6 66299.2 12308.8 3145 537.2 123.2
base: 896 1629 21471 5334 2389 490 65 54
SW620_6h_12Glc_R3_PIM_SCAN_01
RT(min): 16.402 c: 16.402
max_peak: 703616 c: 30104
mz: 288.1 289.1 290.1 291.1 292.1 293.1 294.1 295.1
5_timepoints: 0 669760 174924.8 87833.6 16760.2 4431 718.8 17.2
base: 986 1693 23295 5801 2440 436 120 70
SW620_6h_UGln_R1_PIM_SCAN_01
RT(min): 16.408 c: 16.408
max_peak: 296448 c: 11915
mz: 288.1 289.1 290.1 291.1 292.1 293.1 294.1 295.1
5_timepoints: 127.2 279731.2 84401.6 72737.6 24347.2 276761.6 51756.8 25040
base: 820 1282 18589 4753 1915 1606 303 221
SW620_6h_UGln_R2_PIM_SCAN_01
RT(min): 16.427 c: 16.427
max_peak: 184256 c: 9296
mz: 288.1 289.1 290.1 291.1 292.1 293.1 294.1 295.1
5_timepoints: 548.6 178572.8 55339.2 49067.2 16254.2 180608 33952 15353
base: 729 772 14305 3570 1664 652 164 88
SW620_6h_UGln_R3_PIM_SCAN_01
RT(min): 16.421 c: 16.421
max_peak: 226432 c: 9639
mz: 288.1 289.1 290.1 291.1 292.1 293.1 294.1 295.1
5_timepoints: 472.6 209241.6 61678.4 54352 16293 201996.8 39076.8 18918.4
base: 887 723 19551 4773 2059 634 174 107


absolute_values,CDF_file: Max 288.1 289.1 290.1 291.1 292.1 293.1 294.1 295.1
SW620_24h_12Glc_R1_PIM_SCAN_01 840448 -1486 781947 179532 118500 24044 7443 1440 328
SW620_24h_12Glc_R2_PIM_SCAN_01 627008 -975 593302 115259 53622 6615 1680 457 8
SW620_24h_12Glc_R3_PIM_SCAN_01 1309696 -1445 1243392 294281 196476 40866 11559 1947 241
SW620_24h_cold_R2_PIM_SCAN_01 802944 -1461 759374 161977 72422 10122 1934 177 92
SW620_24h_UGln_R1_PIM_SCAN_01 401728 -881 376932 102101 122528 35197 355246 63063 30942
SW620_24h_UGln_R2_PIM_SCAN_01 245696 -747 221126 47107 70380 20752 208918 40304 17914
SW620_24h_UGln_R3_PIM_SCAN_01 514432 -1593 482285 127300 156165 46165 437519 84502 36896
SW620_6h_12Glc_R1_PIM_SCAN_01 624512 -1006 594172 137533 71537 10561 2900 413 69
SW620_6h_12Glc_R2_PIM_SCAN_01 526336 -71 492681 113563 60965 9919 2655 472 69
SW620_6h_12Glc_R3_PIM_SCAN_01 703616 -986 668067 151630 82032 14320 3995 598 -53
SW620_6h_UGln_R1_PIM_SCAN_01 296448 -693 278449 65813 67985 22432 275156 51453 24819
SW620_6h_UGln_R2_PIM_SCAN_01 184256 -180 177801 41034 45497 14590 179956 33788 15265
SW620_6h_UGln_R3_PIM_SCAN_01 226432 -414 208518 42127 49579 14234 201363 38903 18812
END


relative_values,CDF_file: Max 288.1 289.1 290.1 291.1 292.1 293.1 294.1 295.1
SW620_24h_12Glc_R1_PIM_SCAN_01 840448 -0.0019 1 0.2296 0.1515 0.0307 0.0095 0.0018 4e-04
SW620_24h_12Glc_R2_PIM_SCAN_01 627008 -0.0016 1 0.1943 0.0904 0.0111 0.0028 8e-04 0
SW620_24h_12Glc_R3_PIM_SCAN_01 1309696 -0.0012 1 0.2367 0.158 0.0329 0.0093 0.0016 2e-04
SW620_24h_cold_R2_PIM_SCAN_01 802944 -0.0019 1 0.2133 0.0954 0.0133 0.0025 2e-04 1e-04
SW620_24h_UGln_R1_PIM_SCAN_01 401728 -0.0023 1 0.2709 0.3251 0.0934 0.9425 0.1673 0.0821
SW620_24h_UGln_R2_PIM_SCAN_01 245696 -0.0034 1 0.213 0.3183 0.0938 0.9448 0.1823 0.081
SW620_24h_UGln_R3_PIM_SCAN_01 514432 -0.0033 1 0.264 0.3238 0.0957 0.9072 0.1752 0.0765
SW620_6h_12Glc_R1_PIM_SCAN_01 624512 -0.0017 1 0.2315 0.1204 0.0178 0.0049 7e-04 1e-04
SW620_6h_12Glc_R2_PIM_SCAN_01 526336 -1e-04 1 0.2305 0.1237 0.0201 0.0054 0.001 1e-04
SW620_6h_12Glc_R3_PIM_SCAN_01 703616 -0.0015 1 0.227 0.1228 0.0214 0.006 9e-04 -1e-04
SW620_6h_UGln_R1_PIM_SCAN_01 296448 -0.0025 1 0.2364 0.2442 0.0806 0.9882 0.1848 0.0891
SW620_6h_UGln_R2_PIM_SCAN_01 184256 -0.001 0.988 0.228 0.2528 0.0811 1 0.1878 0.0848
SW620_6h_UGln_R3_PIM_SCAN_01 226432 -0.002 1 0.202 0.2378 0.0683 0.9657 0.1866 0.0902
