###	RAMID version 1.0: 7e5b4013a643c4a6b2ff63cfd722a126 2021-09-08 14:03:09 	***

SW620_24h_12Glc_R1_PIM_SCAN_01
RT(min): 23.276 c: 23.276
max_peak: 950208 c: 502080
mz: 403.2 404.2 405.2 406.2 407.2 408.2 409.2 410.2
5_timepoints: 0 873625.6 309043.2 142976 32153.6 7256.2 1324.8 203.8
base: 141 11612 4658 2117 551 164 80 17
SW620_24h_12Glc_R2_PIM_SCAN_01
RT(min): 23.27 c: 23.27
max_peak: 901568 c: 478848
mz: 403.2 404.2 405.2 406.2 407.2 408.2 409.2 410.2
5_timepoints: 0 860262.4 306201.6 137748.8 32332.8 7175.8 1266.4 184.4
base: 202 10103 3701 1997 535 111 110 28
SW620_24h_12Glc_R3_PIM_SCAN_01
RT(min): 23.27 c: 23.27
max_peak: 2286080 c: 1167872
mz: 403.2 404.2 405.2 406.2 407.2 408.2 409.2 410.2
5_timepoints: 1181.4 2152038.4 754304 347200 80028.8 19073 3547.6 528
base: 94 20752 8309 3954 1128 324 182 55
SW620_24h_cold_R2_PIM_SCAN_01
RT(min): 23.27 c: 23.27
max_peak: 1432576 c: 755648
mz: 403.2 404.2 405.2 406.2 407.2 408.2 409.2 410.2
5_timepoints: 1091 1334476.8 464384 216665.6 49425.6 11249.8 1963.2 256.8
base: 216 15490 6116 2888 739 315 138 67
SW620_24h_UGln_R1_PIM_SCAN_01
RT(min): 23.27 c: 23.27
max_peak: 1218560 c: 644992
mz: 403.2 404.2 405.2 406.2 407.2 408.2 409.2 410.2
5_timepoints: 0 1147558.4 406668.8 181094.4 43220.8 10772 2141.8 310.4
base: 87 15354 6136 2824 887 270 120 51
SW620_24h_UGln_R2_PIM_SCAN_01
RT(min): 23.264 c: 23.264
max_peak: 731712 c: 379456
mz: 403.2 404.2 405.2 406.2 407.2 408.2 409.2 410.2
5_timepoints: 0 672179.2 240716.8 106444.8 24942.4 5302.4 1058.4 305
base: 115 6298 2493 1340 372 146 85 42
SW620_24h_UGln_R3_PIM_SCAN_01
RT(min): 23.264 c: 23.264
max_peak: 1911808 c: 999168
mz: 403.2 404.2 405.2 406.2 407.2 408.2 409.2 410.2
5_timepoints: 0 1784320 637580.8 286848 65544 15436.4 2627.8 442.8
base: 160 14158 5488 2815 805 264 219 49
SW620_6h_12Glc_R1_PIM_SCAN_01
RT(min): 23.27 c: 23.27
max_peak: 336256 c: 179200
mz: 403.2 404.2 405.2 406.2 407.2 408.2 409.2 410.2
5_timepoints: 340.2 315392 111414.4 51977.6 11118.6 3384.6 600 32.4
base: 54 3893 1595 763 235 64 80 15
SW620_6h_12Glc_R2_PIM_SCAN_01
RT(min): 23.27 c: 23.27
max_peak: 293504 c: 151360
mz: 403.2 404.2 405.2 406.2 407.2 408.2 409.2 410.2
5_timepoints: 0 270617.6 95593.6 45347.2 10741.4 2616 522.4 126.2
base: 91 3457 1528 739 186 104 17 12
SW620_6h_12Glc_R3_PIM_SCAN_01
RT(min): 23.276 c: 23.276
max_peak: 501504 c: 250816
mz: 403.2 404.2 405.2 406.2 407.2 408.2 409.2 410.2
5_timepoints: 0 455769.6 161561.6 73811.2 16869 3607.8 718.2 180.6
base: 66 5860 2400 1108 211 104 56 21
SW620_6h_UGln_R1_PIM_SCAN_01
RT(min): 23.277 c: 23.277
max_peak: 432320 c: 244544
mz: 403.2 404.2 405.2 406.2 407.2 408.2 409.2 410.2
5_timepoints: 511.4 407104 146726.4 67601.6 16197 3939.8 868.6 65.4
base: 63 5187 2058 978 258 39 31 15
SW620_6h_UGln_R2_PIM_SCAN_01
RT(min): 23.276 c: 23.276
max_peak: 265344 c: 146880
mz: 403.2 404.2 405.2 406.2 407.2 408.2 409.2 410.2
5_timepoints: 1335.8 246963.2 89336 40918.4 9671.2 2392.2 751.2 94.2
base: 81 2706 1205 636 161 37 24 9
SW620_6h_UGln_R3_PIM_SCAN_01
RT(min): 23.27 c: 23.27
max_peak: 249280 c: 132672
mz: 403.2 404.2 405.2 406.2 407.2 408.2 409.2 410.2
5_timepoints: 839.4 224691.2 82817.6 36953.6 8411.8 2054.2 516.8 59.6
base: 45 2662 1089 619 195 64 37 20


absolute_values,CDF_file: Max 403.2 404.2 405.2 406.2 407.2 408.2 409.2 410.2
SW620_24h_12Glc_R1_PIM_SCAN_01 950208 -141 862013 304386 140859 31602 7093 1245 187
SW620_24h_12Glc_R2_PIM_SCAN_01 901568 -202 850159 302501 135752 31797 7065 1157 156
SW620_24h_12Glc_R3_PIM_SCAN_01 2286080 1087 2131287 745995 343246 78901 18749 3366 473
SW620_24h_cold_R2_PIM_SCAN_01 1432576 875 1318986 458268 213778 48687 10935 1825 190
SW620_24h_UGln_R1_PIM_SCAN_01 1218560 -87 1132205 400533 178270 42333 10502 2022 260
SW620_24h_UGln_R2_PIM_SCAN_01 731712 -115 665881 238224 105105 24570 5156 974 263
SW620_24h_UGln_R3_PIM_SCAN_01 1911808 -160 1770162 632093 284033 64739 15173 2408 394
SW620_6h_12Glc_R1_PIM_SCAN_01 336256 286 311499 109819 51215 10884 3320 520 18
SW620_6h_12Glc_R2_PIM_SCAN_01 293504 -91 267160 94066 44608 10556 2512 506 114
SW620_6h_12Glc_R3_PIM_SCAN_01 501504 -66 449909 159162 72703 16658 3504 662 160
SW620_6h_UGln_R1_PIM_SCAN_01 432320 449 401917 144668 66624 15939 3901 837 50
SW620_6h_UGln_R2_PIM_SCAN_01 265344 1255 244257 88131 40283 9510 2355 727 85
SW620_6h_UGln_R3_PIM_SCAN_01 249280 795 222029 81729 36335 8217 1991 480 39
END


relative_values,CDF_file: Max 403.2 404.2 405.2 406.2 407.2 408.2 409.2 410.2
SW620_24h_12Glc_R1_PIM_SCAN_01 950208 -2e-04 1 0.3531 0.1634 0.0367 0.0082 0.0014 2e-04
SW620_24h_12Glc_R2_PIM_SCAN_01 901568 -2e-04 1 0.3558 0.1597 0.0374 0.0083 0.0014 2e-04
SW620_24h_12Glc_R3_PIM_SCAN_01 2286080 5e-04 1 0.35 0.1611 0.037 0.0088 0.0016 2e-04
SW620_24h_cold_R2_PIM_SCAN_01 1432576 7e-04 1 0.3474 0.1621 0.0369 0.0083 0.0014 1e-04
SW620_24h_UGln_R1_PIM_SCAN_01 1218560 -1e-04 1 0.3538 0.1575 0.0374 0.0093 0.0018 2e-04
SW620_24h_UGln_R2_PIM_SCAN_01 731712 -2e-04 1 0.3578 0.1578 0.0369 0.0077 0.0015 4e-04
SW620_24h_UGln_R3_PIM_SCAN_01 1911808 -1e-04 1 0.3571 0.1605 0.0366 0.0086 0.0014 2e-04
SW620_6h_12Glc_R1_PIM_SCAN_01 336256 9e-04 1 0.3526 0.1644 0.0349 0.0107 0.0017 1e-04
SW620_6h_12Glc_R2_PIM_SCAN_01 293504 -3e-04 1 0.3521 0.167 0.0395 0.0094 0.0019 4e-04
SW620_6h_12Glc_R3_PIM_SCAN_01 501504 -1e-04 1 0.3538 0.1616 0.037 0.0078 0.0015 4e-04
SW620_6h_UGln_R1_PIM_SCAN_01 432320 0.0011 1 0.3599 0.1658 0.0397 0.0097 0.0021 1e-04
SW620_6h_UGln_R2_PIM_SCAN_01 265344 0.0051 1 0.3608 0.1649 0.0389 0.0096 0.003 3e-04
SW620_6h_UGln_R3_PIM_SCAN_01 249280 0.0036 1 0.3681 0.1636 0.037 0.009 0.0022 2e-04
