###	RAMID version 1.0: 7e5b4013a643c4a6b2ff63cfd722a126 2021-09-08 14:03:09 	***

SW620_24h_12Glc_R1_PIM_SCAN_01
RT(min): 37.638 c: 37.638
max_peak: 185536 c: 15408
mz: 374.2 375.2 376.2 377.2 378.2 379.2 380.2 381.2 382.2 383.2 384.2 385.2 386.2 387.2 388.2
*!?* 5_timepoints: 34779.2 152835.2 46339.2 17830.4 3404 1067.8 1259.8 2171.4 700.2 116456 35854.4 18104 5453.8 2162.8 1496.6
base: 913 939 472 621 473 347 562 644 942 92472 29484 14589 3534 1373 583
SW620_24h_12Glc_R2_PIM_SCAN_01
RT(min): 37.632 c: 37.632
max_peak: 234368 c: 16592
mz: 374.2 375.2 376.2 377.2 378.2 379.2 380.2 381.2 382.2 383.2 384.2 385.2 386.2 387.2 388.2
*!?* 5_timepoints: 42742.4 189158.4 55276.8 20493.6 5316.4 1369.2 1314 1712.4 1829.2 141376 44564.8 22497.6 5566.4 2086.2 1480.6
base: 972 1091 624 680 630 441 895 951 1092 122085 38740 19202 4551 1686 649
SW620_24h_12Glc_R3_PIM_SCAN_01
RT(min): 37.626 c: 37.626
max_peak: 359616 c: 24064
mz: 374.2 375.2 376.2 377.2 378.2 379.2 380.2 381.2 382.2 383.2 384.2 385.2 386.2 387.2 388.2
*!?* 5_timepoints: 61947.2 268940.8 81928 29721.6 7163.4 2081.8 1966.4 2785 2359 210726.4 67404.8 36088 10318 3136.2 1731.8
base: 1248 1280 927 1016 998 658 1206 1350 1258 184048 58010 28012 6699 2228 802
SW620_24h_cold_R2_PIM_SCAN_01
RT(min): 37.62 c: 37.62
max_peak: 260800 c: 22232
mz: 374.2 375.2 376.2 377.2 378.2 379.2 380.2 381.2 382.2 383.2 384.2 385.2 386.2 387.2 388.2
*!?* 5_timepoints: 47305.6 202456 59851.2 23582 5639.8 1328.2 1507.8 3162 1716 162905.6 50787.2 26497.6 7557.8 2723.8 1267.8
base: 1171 1617 737 941 914 626 1163 1299 1380 140478 44249 22202 5297 1758 898
SW620_24h_UGln_R1_PIM_SCAN_01
RT(min): 37.626 c: 37.626
max_peak: 263296 c: 21848
mz: 374.2 375.2 376.2 377.2 378.2 379.2 380.2 381.2 382.2 383.2 384.2 385.2 386.2 387.2 388.2
*!?* 5_timepoints: 49204.8 210521.6 62187.2 26771.2 7133 2282.4 1232.6 2729.6 719.8 197107.2 62595.2 32372.8 7853.4 3559.8 1683.2
base: 959 1361 901 1026 1075 520 883 1050 1255 174299 55141 26676 6360 2353 922
SW620_24h_UGln_R2_PIM_SCAN_01
RT(min): 37.632 c: 37.632
max_peak: 217728 c: 18368
mz: 374.2 375.2 376.2 377.2 378.2 379.2 380.2 381.2 382.2 383.2 384.2 385.2 386.2 387.2 388.2
*!?* 5_timepoints: 38968 170380.8 50321.6 20024.6 3888.6 1478.6 763.6 1422.6 891.4 112923.2 35817.6 17489.6 4324.4 1665.4 1069
base: 818 1004 627 857 700 385 670 850 1265 95036 30138 14749 3625 1538 622
SW620_24h_UGln_R3_PIM_SCAN_01
RT(min): 37.62 c: 37.62
max_peak: 357568 c: 26312
mz: 374.2 375.2 376.2 377.2 378.2 379.2 380.2 381.2 382.2 383.2 384.2 385.2 386.2 387.2 388.2
*!?* 5_timepoints: 64724.8 296755.2 87534.4 34979.2 8308.4 2307.2 1586.4 3272.8 2889.6 208320 67760 35763.2 8777.2 3809.4 1886.8
base: 1249 1999 1157 1387 1328 731 1241 1514 2001 187875 59448 29827 7037 2934 1386
SW620_6h_12Glc_R1_PIM_SCAN_01
RT(min): 37.645 c: 37.645
max_peak: 130544 c: 11196
mz: 374.2 375.2 376.2 377.2 378.2 379.2 380.2 381.2 382.2 383.2 384.2 385.2 386.2 387.2 388.2
*!?* 5_timepoints: 27077.2 105931.2 33296 12382.4 2804.4 503.4 657.8 902 1066.2 71268.8 22142.4 11359.6 3478.8 954.2 725.2
base: 531 551 335 320 246 158 220 405 357 52996 16673 8278 2332 817 348
SW620_6h_12Glc_R2_PIM_SCAN_01
RT(min): 37.638 c: 37.638
max_peak: 125200 c: 10273
mz: 374.2 375.2 376.2 377.2 378.2 379.2 380.2 381.2 382.2 383.2 384.2 385.2 386.2 387.2 388.2
*!?* 5_timepoints: 25957.8 105592 30128 11474.4 2973.2 1119.2 634.4 1019 758.8 67635.2 21798.4 11151.4 2883.4 1203.8 541
base: 533 579 425 378 315 133 270 353 399 51391 15844 8197 1962 855 421
SW620_6h_12Glc_R3_PIM_SCAN_01
RT(min): 37.632 c: 37.632
max_peak: 139712 c: 12676
mz: 374.2 375.2 376.2 377.2 378.2 379.2 380.2 381.2 382.2 383.2 384.2 385.2 386.2 387.2 388.2
*!?* 5_timepoints: 27104.8 108208 35211.2 12761.8 3028.4 807.6 764.8 1489.6 1085.2 79004.8 24276.8 12270.8 3892.2 1526.4 919.8
base: 552 725 505 517 400 240 241 405 565 60606 19071 10009 2292 855 576
SW620_6h_UGln_R1_PIM_SCAN_01
RT(min): 37.639 c: 37.639
max_peak: 135552 c: 12117
mz: 374.2 375.2 376.2 377.2 378.2 379.2 380.2 381.2 382.2 383.2 384.2 385.2 386.2 387.2 388.2
*!?* 5_timepoints: 25596.8 109267.2 33217.6 13799 2455.4 1016.6 664.8 999.2 756.4 81184 25785.6 11601 3447.4 1262 1188.2
base: 641 756 576 477 398 168 236 489 367 62989 19629 9703 2491 1014 490
SW620_6h_UGln_R2_PIM_SCAN_01
RT(min): 37.645 c: 37.645
max_peak: 96584 c: 11566
mz: 374.2 375.2 376.2 377.2 378.2 379.2 380.2 381.2 382.2 383.2 384.2 385.2 386.2 387.2 388.2
*!?* 5_timepoints: 17523.4 75563.2 22819.2 8837.6 1817 518 617.4 511.4 570.6 45804.8 14802.6 8178 2221.6 1201.2 879.2
base: 570 773 489 409 270 138 120 299 351 37349 12370 6120 1654 799 347
SW620_6h_UGln_R3_PIM_SCAN_01
RT(min): 37.645 c: 37.645
max_peak: 121984 c: 10590
mz: 374.2 375.2 376.2 377.2 378.2 379.2 380.2 381.2 382.2 383.2 384.2 385.2 386.2 387.2 388.2
*!?* 5_timepoints: 23461 97806.4 29736 11193.8 2884.8 614 662.4 804.2 1100 52380.8 18197.4 8874.2 2930.2 1508.6 967.4
base: 709 805 418 388 335 149 168 397 534 41031 13062 6652 1884 833 506


absolute_values,CDF_file: Max 374.2 375.2 376.2 377.2 378.2 379.2 380.2 381.2 382.2 383.2 384.2 385.2 386.2 387.2 388.2
SW620_24h_12Glc_R1_PIM_SCAN_01 185536 33866 151896 45867 17210 2931 720 698 1528 -242 23984 6370 3515 1919 790 914
SW620_24h_12Glc_R2_PIM_SCAN_01 234368 41771 188068 54653 19813 4687 928 419 761 738 19291 5825 3295 1016 400 831
SW620_24h_12Glc_R3_PIM_SCAN_01 359616 60699 267661 81001 28706 6166 1424 761 1435 1101 26678 9395 8076 3619 909 930
SW620_24h_cold_R2_PIM_SCAN_01 260800 46134 200839 59114 22641 4726 703 345 1863 336 22428 6538 4296 2261 965 370
SW620_24h_UGln_R1_PIM_SCAN_01 263296 48246 209161 61287 25746 6058 1763 349 1679 -535 22809 7454 5697 1494 1207 761
SW620_24h_UGln_R2_PIM_SCAN_01 217728 38150 169377 49695 19168 3189 1094 93 572 -374 17887 5680 2741 700 127 447
SW620_24h_UGln_R3_PIM_SCAN_01 357568 63476 294756 86378 33592 6980 1576 345 1759 888 20445 8312 5936 1740 875 501
SW620_6h_12Glc_R1_PIM_SCAN_01 130544 26546 105381 32961 12062 2559 346 438 497 709 18273 5469 3082 1147 137 377
SW620_6h_12Glc_R2_PIM_SCAN_01 125200 25425 105013 29703 11096 2659 986 364 666 359 16245 5954 2954 922 349 120
SW620_6h_12Glc_R3_PIM_SCAN_01 139712 26553 107483 34706 12245 2628 567 524 1084 520 18399 5205 2261 1600 671 343
SW620_6h_UGln_R1_PIM_SCAN_01 135552 24955 108511 32642 13322 2058 849 428 510 390 18195 6157 1898 957 248 698
SW620_6h_UGln_R2_PIM_SCAN_01 96584 16954 74790 22330 8428 1547 380 497 212 220 8456 2433 2058 568 402 533
SW620_6h_UGln_R3_PIM_SCAN_01 121984 22752 97002 29318 10806 2550 465 495 407 566 11350 5135 2223 1047 675 461
END


relative_values,CDF_file: Max 374.2 375.2 376.2 377.2 378.2 379.2 380.2 381.2 382.2 383.2 384.2 385.2 386.2 387.2 388.2
SW620_24h_12Glc_R1_PIM_SCAN_01 185536 0.223 1 0.302 0.1133 0.0193 0.0047 0.0046 0.0101 -0.0016 0.1579 0.0419 0.0231 0.0126 0.0052 0.006
SW620_24h_12Glc_R2_PIM_SCAN_01 234368 0.2221 1 0.2906 0.1054 0.0249 0.0049 0.0022 0.004 0.0039 0.1026 0.031 0.0175 0.0054 0.0021 0.0044
SW620_24h_12Glc_R3_PIM_SCAN_01 359616 0.2268 1 0.3026 0.1072 0.023 0.0053 0.0028 0.0054 0.0041 0.0997 0.0351 0.0302 0.0135 0.0034 0.0035
SW620_24h_cold_R2_PIM_SCAN_01 260800 0.2297 1 0.2943 0.1127 0.0235 0.0035 0.0017 0.0093 0.0017 0.1117 0.0326 0.0214 0.0113 0.0048 0.0018
SW620_24h_UGln_R1_PIM_SCAN_01 263296 0.2307 1 0.293 0.1231 0.029 0.0084 0.0017 0.008 -0.0026 0.109 0.0356 0.0272 0.0071 0.0058 0.0036
SW620_24h_UGln_R2_PIM_SCAN_01 217728 0.2252 1 0.2934 0.1132 0.0188 0.0065 5e-04 0.0034 -0.0022 0.1056 0.0335 0.0162 0.0041 7e-04 0.0026
SW620_24h_UGln_R3_PIM_SCAN_01 357568 0.2154 1 0.293 0.114 0.0237 0.0053 0.0012 0.006 0.003 0.0694 0.0282 0.0201 0.0059 0.003 0.0017
SW620_6h_12Glc_R1_PIM_SCAN_01 130544 0.2519 1 0.3128 0.1145 0.0243 0.0033 0.0042 0.0047 0.0067 0.1734 0.0519 0.0292 0.0109 0.0013 0.0036
SW620_6h_12Glc_R2_PIM_SCAN_01 125200 0.2421 1 0.2829 0.1057 0.0253 0.0094 0.0035 0.0063 0.0034 0.1547 0.0567 0.0281 0.0088 0.0033 0.0011
SW620_6h_12Glc_R3_PIM_SCAN_01 139712 0.247 1 0.3229 0.1139 0.0245 0.0053 0.0049 0.0101 0.0048 0.1712 0.0484 0.021 0.0149 0.0062 0.0032
SW620_6h_UGln_R1_PIM_SCAN_01 135552 0.23 1 0.3008 0.1228 0.019 0.0078 0.0039 0.0047 0.0036 0.1677 0.0567 0.0175 0.0088 0.0023 0.0064
SW620_6h_UGln_R2_PIM_SCAN_01 96584 0.2267 1 0.2986 0.1127 0.0207 0.0051 0.0066 0.0028 0.0029 0.1131 0.0325 0.0275 0.0076 0.0054 0.0071
SW620_6h_UGln_R3_PIM_SCAN_01 121984 0.2346 1 0.3022 0.1114 0.0263 0.0048 0.0051 0.0042 0.0058 0.117 0.0529 0.0229 0.0108 0.007 0.0048
