###	RAMID version 1.0: 7e5b4013a643c4a6b2ff63cfd722a126 2021-09-08 14:03:09 	***

SW620_24h_12Glc_R1_PIM_SCAN_01
RT(min): 37.151 c: 37.151
max_peak: 530048 c: 245312
mz: 465.3 466.3 467.3 468.3 469.3 470.3 471.3 472.3 473.3 474.3 475.3 476.3 477.3
5_timepoints: 0 436083.2 181273.6 83264 20936 5397.4 1332.4 743.6 408.2 418.2 1588.4 1391.6 588.8
base: 582 1011 585 325 447 937 820 598 2142 1107 2765 1772 1039
SW620_24h_12Glc_R2_PIM_SCAN_01
RT(min): 37.151 c: 37.151
max_peak: 614976 c: 292672
mz: 465.3 466.3 467.3 468.3 469.3 470.3 471.3 472.3 473.3 474.3 475.3 476.3 477.3
5_timepoints: 2504.8 490265.6 203392 90537.6 24733.4 6713.4 1577.4 662.2 998.8 499.8 1515 1514 662
base: 277 1048 647 389 414 790 829 652 4025 1771 3283 1915 981
SW620_24h_12Glc_R3_PIM_SCAN_01
RT(min): 37.145 c: 37.145
max_peak: 862592 c: 420928
mz: 465.3 466.3 467.3 468.3 469.3 470.3 471.3 472.3 473.3 474.3 475.3 476.3 477.3
5_timepoints: 386.4 704819.2 290035.2 131265.6 32472 9574 2491.8 966 619.8 608.4 2192.8 2696.8 1203.6
base: 1839 1947 990 702 584 1216 1191 810 3920 2269 4526 3413 1846
SW620_24h_cold_R2_PIM_SCAN_01
RT(min): 37.144 c: 37.144
max_peak: 735296 c: 324032
mz: 465.3 466.3 467.3 468.3 469.3 470.3 471.3 472.3 473.3 474.3 475.3 476.3 477.3
5_timepoints: 0 582732.8 229836.8 103448 27204.8 7458.2 1177 810.4 1034 567.6 1656.6 1661.6 975.4
base: 361 1123 645 414 450 1050 1042 699 4015 1849 3633 2209 1183
SW620_24h_UGln_R1_PIM_SCAN_01
RT(min): 37.144 c: 37.144
max_peak: 648192 c: 296256
mz: 465.3 466.3 467.3 468.3 469.3 470.3 471.3 472.3 473.3 474.3 475.3 476.3 477.3
5_timepoints: 516.8 533964.8 218777.6 97992 26416 7891 1722.4 915.8 960 405.4 1153.4 1265.6 1181
base: 18557 5949 2472 836 503 889 749 577 2372 1472 2535 3195 2090
SW620_24h_UGln_R2_PIM_SCAN_01
RT(min): 37.144 c: 37.144
max_peak: 520000 c: 237440
mz: 465.3 466.3 467.3 468.3 469.3 470.3 471.3 472.3 473.3 474.3 475.3 476.3 477.3
5_timepoints: 2073.6 419801.6 172822.4 74246.4 20002 6066.6 1144.2 786.6 910.4 452.2 648.6 884.2 281.8
base: 11200 4555 1647 510 447 611 554 458 1745 1218 1665 2012 1396
SW620_24h_UGln_R3_PIM_SCAN_01
RT(min): 37.138 c: 37.138
max_peak: 1124864 c: 536320
mz: 465.3 466.3 467.3 468.3 469.3 470.3 471.3 472.3 473.3 474.3 475.3 476.3 477.3
5_timepoints: 0 899545.6 362252.8 161836.8 44003.2 10773.4 3153.2 840 504.4 350.8 1748.6 1822.4 1095.2
base: 18694 9095 3274 1027 717 931 1107 745 3329 1660 3552 4257 2505
SW620_6h_12Glc_R1_PIM_SCAN_01
RT(min): 37.157 c: 37.157
max_peak: 248704 c: 110240
mz: 465.3 466.3 467.3 468.3 469.3 470.3 471.3 472.3 473.3 474.3 475.3 476.3 477.3
5_timepoints: 929.6 198227.2 80900.8 36260.8 9075.2 2411.6 799.8 364 619.6 441.8 698.4 706.8 408
base: 296 441 284 168 182 532 383 308 1017 578 1068 934 531
SW620_6h_12Glc_R2_PIM_SCAN_01
RT(min): 37.163 c: 37.163
max_peak: 238784 c: 114592
mz: 465.3 466.3 467.3 468.3 469.3 470.3 471.3 472.3 473.3 474.3 475.3 476.3 477.3
5_timepoints: 520.4 192217.6 76889.6 38008 9736.6 3105.4 1087.2 745.4 468.4 352.2 763.4 894.8 347.4
base: 281 512 284 183 168 472 428 313 1088 575 1361 1083 563
SW620_6h_12Glc_R3_PIM_SCAN_01
RT(min): 37.157 c: 37.157
max_peak: 396096 c: 181312
mz: 465.3 466.3 467.3 468.3 469.3 470.3 471.3 472.3 473.3 474.3 475.3 476.3 477.3
5_timepoints: 0 320947.2 127944 56945.6 14825.4 3529.4 1092.2 474.6 544.6 352.4 778.2 971.8 525.6
base: 223 614 377 221 282 554 366 378 1080 606 1170 947 511
SW620_6h_UGln_R1_PIM_SCAN_01
RT(min): 37.151 c: 37.151
max_peak: 289088 c: 140224
mz: 465.3 466.3 467.3 468.3 469.3 470.3 471.3 472.3 473.3 474.3 475.3 476.3 477.3
5_timepoints: 551.8 220891.2 89929.6 38752.6 11186.4 3110.2 745.4 585 392 394 637.4 673.8 805.4
base: 5029 2177 931 344 218 449 434 411 810 517 887 1411 759
SW620_6h_UGln_R2_PIM_SCAN_01
RT(min): 37.163 c: 37.163
max_peak: 170752 c: 86424
mz: 465.3 466.3 467.3 468.3 469.3 470.3 471.3 472.3 473.3 474.3 475.3 476.3 477.3
5_timepoints: 699.4 141028.8 58515.2 26600 6839.6 1879 745 632.8 406.6 281.8 846.4 584.4 327.2
base: 4088 1417 488 144 154 315 215 286 542 335 615 804 472
SW620_6h_UGln_R3_PIM_SCAN_01
RT(min): 37.163 c: 37.163
max_peak: 204480 c: 95936
mz: 465.3 466.3 467.3 468.3 469.3 470.3 471.3 472.3 473.3 474.3 475.3 476.3 477.3
5_timepoints: 0 174963.2 70009.6 32892.8 8551.6 2395 612.4 596.8 471.2 362.6 589.8 597.6 258.8
base: 4664 1794 663 267 166 493 396 390 598 393 811 946 529


absolute_values,CDF_file: Max 465.3 466.3 467.3 468.3 469.3 470.3 471.3 472.3 473.3 474.3 475.3 476.3 477.3
SW620_24h_12Glc_R1_PIM_SCAN_01 530048 -582 435072 180689 82939 20489 4460 512 146 -1734 -689 -1177 -381 -450
SW620_24h_12Glc_R2_PIM_SCAN_01 614976 2228 489217 202745 90148 24319 5923 749 10 -3026 -1271 -1768 -401 -319
SW620_24h_12Glc_R3_PIM_SCAN_01 862592 -1453 702872 289046 130563 31888 8358 1301 156 -3300 -1661 -2333 -716 -643
SW620_24h_cold_R2_PIM_SCAN_01 735296 -361 581610 229192 103034 26755 6408 135 112 -2981 -1281 -1976 -547 -208
SW620_24h_UGln_R1_PIM_SCAN_01 648192 -18040 528015 216306 97156 25913 7002 974 339 -1412 -1067 -1381 -1930 -909
SW620_24h_UGln_R2_PIM_SCAN_01 520000 -9126 415247 171175 73736 19555 5456 590 328 -835 -765 -1016 -1128 -1114
SW620_24h_UGln_R3_PIM_SCAN_01 1124864 -18694 890450 358978 160810 43286 9843 2046 95 -2824 -1310 -1803 -2435 -1410
SW620_6h_12Glc_R1_PIM_SCAN_01 248704 633 197786 80617 36093 8893 1880 417 56 -397 -136 -370 -227 -123
SW620_6h_12Glc_R2_PIM_SCAN_01 238784 240 191706 76606 37825 9568 2633 660 432 -620 -223 -597 -188 -216
SW620_6h_12Glc_R3_PIM_SCAN_01 396096 -223 320333 127567 56725 14543 2975 726 97 -536 -254 -392 25 14
SW620_6h_UGln_R1_PIM_SCAN_01 289088 -4478 218714 88998 38409 10968 2661 311 174 -418 -123 -249 -737 47
SW620_6h_UGln_R2_PIM_SCAN_01 170752 -3388 139612 58028 26456 6685 1564 530 347 -136 -53 232 -220 -144
SW620_6h_UGln_R3_PIM_SCAN_01 204480 -4664 173170 69346 32626 8386 1902 217 207 -127 -31 -221 -348 -270
END


relative_values,CDF_file: Max 465.3 466.3 467.3 468.3 469.3 470.3 471.3 472.3 473.3 474.3 475.3 476.3 477.3
SW620_24h_12Glc_R1_PIM_SCAN_01 530048 -0.0013 1 0.4153 0.1906 0.0471 0.0103 0.0012 3e-04 -0.004 -0.0016 -0.0027 -9e-04 -0.001
SW620_24h_12Glc_R2_PIM_SCAN_01 614976 0.0046 1 0.4144 0.1843 0.0497 0.0121 0.0015 0 -0.0062 -0.0026 -0.0036 -8e-04 -7e-04
SW620_24h_12Glc_R3_PIM_SCAN_01 862592 -0.0021 1 0.4112 0.1858 0.0454 0.0119 0.0019 2e-04 -0.0047 -0.0024 -0.0033 -0.001 -9e-04
SW620_24h_cold_R2_PIM_SCAN_01 735296 -6e-04 1 0.3941 0.1772 0.046 0.011 2e-04 2e-04 -0.0051 -0.0022 -0.0034 -9e-04 -4e-04
SW620_24h_UGln_R1_PIM_SCAN_01 648192 -0.0342 1 0.4097 0.184 0.0491 0.0133 0.0018 6e-04 -0.0027 -0.002 -0.0026 -0.0037 -0.0017
SW620_24h_UGln_R2_PIM_SCAN_01 520000 -0.022 1 0.4122 0.1776 0.0471 0.0131 0.0014 8e-04 -0.002 -0.0018 -0.0024 -0.0027 -0.0027
SW620_24h_UGln_R3_PIM_SCAN_01 1124864 -0.021 1 0.4031 0.1806 0.0486 0.0111 0.0023 1e-04 -0.0032 -0.0015 -0.002 -0.0027 -0.0016
SW620_6h_12Glc_R1_PIM_SCAN_01 248704 0.0032 1 0.4076 0.1825 0.045 0.0095 0.0021 3e-04 -0.002 -7e-04 -0.0019 -0.0011 -6e-04
SW620_6h_12Glc_R2_PIM_SCAN_01 238784 0.0013 1 0.3996 0.1973 0.0499 0.0137 0.0034 0.0023 -0.0032 -0.0012 -0.0031 -0.001 -0.0011
SW620_6h_12Glc_R3_PIM_SCAN_01 396096 -7e-04 1 0.3982 0.1771 0.0454 0.0093 0.0023 3e-04 -0.0017 -8e-04 -0.0012 1e-04 0
SW620_6h_UGln_R1_PIM_SCAN_01 289088 -0.0205 1 0.4069 0.1756 0.0501 0.0122 0.0014 8e-04 -0.0019 -6e-04 -0.0011 -0.0034 2e-04
SW620_6h_UGln_R2_PIM_SCAN_01 170752 -0.0243 1 0.4156 0.1895 0.0479 0.0112 0.0038 0.0025 -0.001 -4e-04 0.0017 -0.0016 -0.001
SW620_6h_UGln_R3_PIM_SCAN_01 204480 -0.0269 1 0.4005 0.1884 0.0484 0.011 0.0013 0.0012 -7e-04 -2e-04 -0.0013 -0.002 -0.0016
