###	RAMID version 1.0: 7e5b4013a643c4a6b2ff63cfd722a126 2021-09-08 14:03:09 	***

SW620_24h_12Glc_R1_PIM_SCAN_01
RT(min): 14.056 c: 14.056
max_peak: 1515008 c: 1138176
mz: 259.2 260.2 261.2 262.2 263.2 264.2 265.2 266.2
5_timepoints: 0 1329356.8 324902.4 130131.2 29715.2 5828.2 1852.6 432.8
base: 1545 48016 11724 5760 2702 782 594 268
SW620_24h_12Glc_R2_PIM_SCAN_01
RT(min): 14.056 c: 14.056
max_peak: 1719296 c: 1306112
mz: 259.2 260.2 261.2 262.2 263.2 264.2 265.2 266.2
5_timepoints: 0 1497497.6 365427.2 145654.4 32248 6240.8 2096.4 376
base: 1968 74176 16761 8303 2845 830 550 127
SW620_24h_12Glc_R3_PIM_SCAN_01
RT(min): 14.05 c: 14.05
max_peak: 2286592 c: 1721856
mz: 259.2 260.2 261.2 262.2 263.2 264.2 265.2 266.2
5_timepoints: 0 2009088 496204.8 187328 46755.2 9259.6 3186.8 802.2
base: 2155 122271 28054 12266 3586 941 656 155
SW620_24h_cold_R2_PIM_SCAN_01
RT(min): 14.05 c: 14.05
max_peak: 1907200 c: 1412096
mz: 259.2 260.2 261.2 262.2 263.2 264.2 265.2 266.2
5_timepoints: 0 1661440 407731.2 158425.6 38980.8 8000.8 2553.6 458
base: 1826 73834 17140 7901 2641 731 485 211
SW620_24h_UGln_R1_PIM_SCAN_01
RT(min): 14.05 c: 14.05
max_peak: 1646592 c: 1226752
mz: 259.2 260.2 261.2 262.2 263.2 264.2 265.2 266.2
5_timepoints: 0 1448960 351104 132136 33120 7829.8 2624 740
base: 1658 78775 18523 8424 2838 870 426 101
SW620_24h_UGln_R2_PIM_SCAN_01
RT(min): 14.056 c: 14.056
max_peak: 1416192 c: 1061376
mz: 259.2 260.2 261.2 262.2 263.2 264.2 265.2 266.2
5_timepoints: 0 1245888 301619.2 117745.6 22620.8 4853.6 1167.2 375
base: 1268 43463 10085 5458 2574 684 669 235
SW620_24h_UGln_R3_PIM_SCAN_01
RT(min): 14.05 c: 14.05
max_peak: 2453504 c: 1840640
mz: 259.2 260.2 261.2 262.2 263.2 264.2 265.2 266.2
5_timepoints: 0 2151424 526604.8 201996.8 44476.8 8239.2 1952 494.6
base: 1984 97105 21915 10006 3375 983 576 183
SW620_6h_12Glc_R1_PIM_SCAN_01
RT(min): 14.062 c: 14.062
max_peak: 785664 c: 581824
mz: 259.2 260.2 261.2 262.2 263.2 264.2 265.2 266.2
5_timepoints: 0 681228.8 165145.6 62868.8 17111.4 3624.4 1243.2 377.2
base: 608 10214 2468 2090 1466 482 547 193
SW620_6h_12Glc_R2_PIM_SCAN_01
RT(min): 14.068 c: 14.068
max_peak: 708928 c: 511872
mz: 259.2 260.2 261.2 262.2 263.2 264.2 265.2 266.2
5_timepoints: 0 625920 151232 60974.4 17310.6 3379 1613.6 240.6
base: 572 8890 2230 1832 1607 486 491 120
SW620_6h_12Glc_R3_PIM_SCAN_01
RT(min): 14.062 c: 14.062
max_peak: 1096192 c: 824064
mz: 259.2 260.2 261.2 262.2 263.2 264.2 265.2 266.2
5_timepoints: 0 980889.6 243622.4 91648 24004.8 4828.6 1524.8 175.8
base: 584 10227 2551 2144 1456 453 461 69
SW620_6h_UGln_R1_PIM_SCAN_01
RT(min): 14.062 c: 14.062
max_peak: 873472 c: 650432
mz: 259.2 260.2 261.2 262.2 263.2 264.2 265.2 266.2
5_timepoints: 0 772480 185689.6 72590.4 23158.6 5639 1766 463.8
base: 514 9183 2251 1909 1564 528 485 108
SW620_6h_UGln_R2_PIM_SCAN_01
RT(min): 14.068 c: 14.068
max_peak: 725824 c: 553024
mz: 259.2 260.2 261.2 262.2 263.2 264.2 265.2 266.2
5_timepoints: 0 639027.2 157862.4 61286.4 10870.2 2469.4 932 183.8
base: 384 2512 741 2336 1487 553 411 102
SW620_6h_UGln_R3_PIM_SCAN_01
RT(min): 14.069 c: 14.069
max_peak: 695168 c: 496640
mz: 259.2 260.2 261.2 262.2 263.2 264.2 265.2 266.2
5_timepoints: 1473.8 614156.8 146996.8 58584 15548.8 3479.2 1170 555.8
base: 500 4616 1202 2011 1350 623 608 147


absolute_values,CDF_file: Max 259.2 260.2 261.2 262.2 263.2 264.2 265.2 266.2
SW620_24h_12Glc_R1_PIM_SCAN_01 1515008 -1545 1281341 313179 124371 27014 5046 1258 165
SW620_24h_12Glc_R2_PIM_SCAN_01 1719296 -1968 1423321 348667 137352 29403 5411 1546 249
SW620_24h_12Glc_R3_PIM_SCAN_01 2286592 -2155 1886817 468151 175062 43170 8319 2531 648
SW620_24h_cold_R2_PIM_SCAN_01 1907200 -1826 1587606 390591 150525 36339 7270 2068 247
SW620_24h_UGln_R1_PIM_SCAN_01 1646592 -1658 1370185 332581 123712 30282 6960 2198 639
SW620_24h_UGln_R2_PIM_SCAN_01 1416192 -1268 1202425 291534 112287 20047 4170 499 140
SW620_24h_UGln_R3_PIM_SCAN_01 2453504 -1984 2054319 504690 191990 41101 7256 1376 311
SW620_6h_12Glc_R1_PIM_SCAN_01 785664 -608 671015 162678 60779 15645 3143 696 184
SW620_6h_12Glc_R2_PIM_SCAN_01 708928 -572 617030 149002 59142 15703 2893 1123 120
SW620_6h_12Glc_R3_PIM_SCAN_01 1096192 -584 970663 241072 89504 22549 4375 1064 107
SW620_6h_UGln_R1_PIM_SCAN_01 873472 -514 763297 183439 70682 21595 5111 1281 356
SW620_6h_UGln_R2_PIM_SCAN_01 725824 -384 636515 157121 58951 9383 1916 521 82
SW620_6h_UGln_R3_PIM_SCAN_01 695168 974 609540 145795 56573 14199 2856 562 409
END


relative_values,CDF_file: Max 259.2 260.2 261.2 262.2 263.2 264.2 265.2 266.2
SW620_24h_12Glc_R1_PIM_SCAN_01 1515008 -0.0012 1 0.2444 0.0971 0.0211 0.0039 0.001 1e-04
SW620_24h_12Glc_R2_PIM_SCAN_01 1719296 -0.0014 1 0.245 0.0965 0.0207 0.0038 0.0011 2e-04
SW620_24h_12Glc_R3_PIM_SCAN_01 2286592 -0.0011 1 0.2481 0.0928 0.0229 0.0044 0.0013 3e-04
SW620_24h_cold_R2_PIM_SCAN_01 1907200 -0.0012 1 0.246 0.0948 0.0229 0.0046 0.0013 2e-04
SW620_24h_UGln_R1_PIM_SCAN_01 1646592 -0.0012 1 0.2427 0.0903 0.0221 0.0051 0.0016 5e-04
SW620_24h_UGln_R2_PIM_SCAN_01 1416192 -0.0011 1 0.2425 0.0934 0.0167 0.0035 4e-04 1e-04
SW620_24h_UGln_R3_PIM_SCAN_01 2453504 -0.001 1 0.2457 0.0935 0.02 0.0035 7e-04 2e-04
SW620_6h_12Glc_R1_PIM_SCAN_01 785664 -9e-04 1 0.2424 0.0906 0.0233 0.0047 0.001 3e-04
SW620_6h_12Glc_R2_PIM_SCAN_01 708928 -9e-04 1 0.2415 0.0958 0.0254 0.0047 0.0018 2e-04
SW620_6h_12Glc_R3_PIM_SCAN_01 1096192 -6e-04 1 0.2484 0.0922 0.0232 0.0045 0.0011 1e-04
SW620_6h_UGln_R1_PIM_SCAN_01 873472 -7e-04 1 0.2403 0.0926 0.0283 0.0067 0.0017 5e-04
SW620_6h_UGln_R2_PIM_SCAN_01 725824 -6e-04 1 0.2468 0.0926 0.0147 0.003 8e-04 1e-04
SW620_6h_UGln_R3_PIM_SCAN_01 695168 0.0016 1 0.2392 0.0928 0.0233 0.0047 9e-04 7e-04
